"Centro De Atención" "Código Productor" "Productor" "Cobrado Auto" "% Auto" "% Sin Auto" "Cobrado Fianza" "% Fianza" "% Sin Fianza" "Cobrado Patrimoniales" "% Patrimoniales" "% Sin Patrimoniales" "Cobrado Personas" "% Personas" "% Sin Personas" "Cobrado Salud" "% Salud" "% Sin Salud" "Cobrado General" "% General" "% Sin General" "Fecha" "cuentas_esp"
"1" "Centro 1" 49 65 502 137.156141269952 14.1725495457649 169 98.9900165935978 37.5831799581647 132 93.053699308075 298.675386235118 80 81.0248602647334 136.067499406636 139 64.5573859568685 19.2212251015007 147 171.620137570426 124.400513945147 2019-01-01 "Cuenta 5"
"2" "Centro 4" 171 350 437 10.1866137469187 125.869037257507 8 53.8689666427672 41.0640488611534 19 87.2831436339766 132.251280173659 157 77.7488468680531 68.5673830565065 82 37.1957491151989 191.033838037401 15 39.0937104821205 32.9819501843303 2019-01-02 "Cuenta 1"
"3" "Centro 5" 104 424 532 184.899649280123 132.675458164886 10 76.3040364487097 41.7514879722148 0 265.200543659739 156.155902240425 195 188.159006973729 4.04825611039996 195 160.970652103424 125.609637890011 15 86.8275894783437 101.1177577544 2019-01-03 "Cuenta 1"
"4" "Centro 1" 114 371 593 241.895732330158 108.354745479301 8 3.70207270607352 59.9618948297575 79 23.8927815109491 143.536424078047 156 158.37363647297 137.029907852411 175 26.0450094472617 174.422947550192 145 179.963023867458 2.43828427046537 2019-01-04 "Cuenta 4"
"5" "Centro 5" 163 208 403 178.104852000251 104.230524692684 170 57.7423079172149 13.7031043414026 197 51.4553393935785 318.656632117927 131 84.9459310993552 33.7399701587856 181 138.941944995895 3.18440478295088 195 9.62362568825483 151.34140374139 2019-01-05 "Cuenta 3"
"6" "Centro 4" 182 195 509 175.150250061415 147.145259426907 25 16.0599970491603 39.002296817489 135 144.007507455535 14.1946921125054 176 120.205617276952 23.2267408631742 166 58.9091476052999 95.5641948617995 44 62.7813590690494 54.1976973880082 2019-01-06 "Cuenta 5"
"7" "Centro 1" 94 434 64 27.7724352199584 95.5488943494856 18 4.31488906033337 47.8371649049222 108 71.8987556872889 185.946349054575 104 116.428453940898 95.4188670031726 23 48.8054278772324 25.3976948093623 188 194.588083215058 133.659332897514 2019-01-07 "Cuenta 4"
"8" "Centro 2" 110 267 281 185.542746959254 26.4407383278012 188 36.1056654015556 13.5614946717396 50 114.888806222007 88.2120177149773 118 144.491278333589 72.1544274594635 87 197.228674637154 104.61541232653 40 163.190639484674 24.4890272151679 2019-01-08 "Cuenta 2"
"9" "Centro 1" 128 389 311 28.6290127085522 116.60172608681 115 62.7616313286126 64.8648885311559 72 168.6878683744 180.395857337862 77 146.27137077041 38.6584179475904 40 136.71779660508 181.035343231633 63 40.9355049952865 130.373913003132 2019-01-09 "Cuenta 1"
"10" "Centro 4" 179 294 31 230.048302095383 147.80270922929 178 9.18619583826512 64.5839438540861 34 135.063821962103 166.68792841956 119 76.0135920718312 135.57699280791 100 14.9060491938144 133.631183532998 132 89.4475307781249 160.88393740356 2019-01-10 "Cuenta 4"
"11" "Centro 1" 82 444 350 220.534294098616 187.485796911642 195 53.1922771129757 30.1682338584214 169 216.711004287936 271.798289567232 21 42.3174029681832 198.90163699165 110 91.1368671339005 177.107087895274 149 34.2485817614943 90.1131440885365 2019-01-11 "Cuenta 1"
"12" "Centro 4" 92 108 80 280.785621399991 198.058568732813 78 5.9325696201995 29.1327665559947 67 86.0724242404103 378.908519819379 197 107.154396502301 181.539008812979 181 69.3823164328933 104.471641359851 125 86.6041796747595 60.8765802811831 2019-01-12 "Cuenta 4"
"13" "Centro 2" 17 391 266 110.594931431115 163.480629492551 102 3.03917343262583 19.9215017957613 133 18.3045498328283 383.880241587758 64 147.627712413669 69.5982604287565 58 38.5968937072903 117.38613974303 81 159.852346871048 167.81964674592 2019-01-13 "Cuenta 5"
"14" "Centro 1" 129 98 278 223.351124161854 157.010224740952 153 14.3198520410806 80.7505831355229 120 146.495685679838 14.4873628392816 153 56.995908729732 187.684519868344 139 160.129070002586 188.884310936555 119 46.9407092779875 182.677578413859 2019-01-14 "Cuenta 3"
"15" "Centro 5" 90 443 188 6.94465264678001 75.9398592170328 129 82.2951499605551 23.4909001970664 193 119.577498687431 29.4303497299552 100 90.4612798709422 31.8292499985546 127 63.4304834995419 118.600344425067 51 54.2522593401372 115.872374875471 2019-01-15 "Cuenta 3"
"16" "Centro 4" 100 293 438 214.530216786079 123.797287466004 120 19.7265775874257 15.848681028001 160 193.897256115451 168.58074311167 145 80.5159131530672 192.477130098268 93 144.027500366792 124.669235991314 89 159.521984588355 44.4595179520547 2019-01-16 "Cuenta 2"
"17" "Centro 4" 171 233 49 55.5125231388956 185.545325418934 1 57.6151303946972 83.7255807127804 186 23.4001077711582 63.7151972390711 86 9.94046530686319 59.0442631393671 83 167.815937707201 66.8534665834159 136 156.215543299913 40.7696187030524 2019-01-17 "Cuenta 1"
"18" "Centro 1" 66 394 144 85.5333537328988 196.597575396299 29 51.6117077553645 65.0459812721238 103 185.243671084754 73.9093652926385 139 137.163457740098 11.7185111157596 188 134.841017844155 100.749893253669 183 79.0253421291709 145.876003289595 2019-01-18 "Cuenta 2"
"19" "Centro 1" 93 319 142 148.401389247738 54.4685195200145 190 66.2326348014176 66.0181550309062 43 209.849636745639 193.868603836745 171 145.171747449785 60.9418377745897 77 39.5161600783467 136.260896641761 57 155.360781634226 110.113532328978 2019-01-19 "Cuenta 1"
"20" "Centro 4" 32 388 582 124.781372887082 97.9592538904399 52 41.5596084436402 28.2377915922552 11 102.574389707297 245.339225325733 124 193.039413448423 93.1188981980085 55 42.6472002174705 109.443045593798 120 110.707360925153 15.9240233711898 2019-01-20 "Cuenta 4"
"21" "Centro 2" 107 197 498 270.771673182026 99.1503363475204 193 2.37911795265973 15.2449208777398 169 202.295162156224 319.20247413218 72 171.202492341399 131.449179071933 91 174.118372332305 29.9213772639632 107 177.793289395049 89.5841549616307 2019-01-21 "Cuenta 1"
"22" "Centro 5" 71 281 527 275.912948534824 158.366905618459 141 64.5171718671918 69.1984137753025 126 181.578795751557 168.248910736293 20 89.1370409633964 102.560283429921 32 169.416211359203 189.193272124976 117 18.6635756399482 139.580198563635 2019-01-22 "Cuenta 1"
"23" "Centro 4" 12 489 272 129.355323803611 61.1334188375622 124 66.2623167969286 78.1132794683799 81 67.3657639883459 275.365229602903 143 52.2976395208389 40.0137041229755 27 61.066699353978 131.200426770374 98 155.455706827343 46.9318514689803 2019-01-23 "Cuenta 1"
"24" "Centro 1" 144 464 0 198.146567051299 44.9480531737208 108 14.2690613865852 93.9613856375217 163 39.0510930446908 190.548540744931 77 134.305499354377 25.4698016215116 101 191.129820095375 101.906223176047 30 44.1052928566933 88.053690828383 2019-01-24 "Cuenta 2"
"25" "Centro 4" 41 21 561 268.612108519301 111.968844477087 31 39.0475116670132 7.66796909738332 19 159.436518279836 111.02041695267 79 174.411720316857 44.2701514810324 124 133.60033123754 92.3802213743329 175 47.3060378339142 33.8096274528652 2019-01-25 "Cuenta 1"
"26" "Centro 5" 15 450 514 243.524974538013 33.62330137752 88 89.2146590165794 82.8687214525416 72 6.98609012179077 186.206779256463 199 59.3277399428189 120.668183360249 140 21.6768862679601 135.545811243355 170 38.3833047933877 27.4835236836225 2019-01-26 "Cuenta 2"
"27" "Centro 2" 175 313 315 135.674521140754 102.440746081993 17 99.3563601514325 2.68468679860234 46 214.763600681908 203.835199214518 89 101.9435999915 96.6898245736957 0 19.3335191346705 176.61289749667 59 88.1669678259641 173.962283832952 2019-01-27 "Cuenta 4"
"28" "Centro 4" 75 446 471 101.547069638036 135.424164962023 94 30.7921665487811 44.2557474132627 45 104.697306943126 285.669887904078 112 11.1254811286926 49.3120986968279 99 177.992338361219 65.914789121598 79 118.576013483107 37.208617432043 2019-01-28 "Cuenta 2"
"29" "Centro 4" 46 309 391 56.2420770060271 185.169641161337 111 33.0473401816562 84.305612440221 6 41.8020171113312 275.862965080887 66 179.783025151119 196.34991530329 159 144.482852937654 2.68107512965798 151 116.700406186283 118.481021514162 2019-01-29 "Cuenta 5"
"30" "Centro 5" 87 69 52 3.28573670703918 171.78238616325 33 62.6849931431934 54.4663640903309 156 124.212109716609 337.807203549892 144 72.3970127757639 115.94504727982 177 45.8329707849771 79.8829034902155 68 109.059791173786 185.876659024507 2019-01-30 "Cuenta 1"
"31" "Centro 5" 173 233 14 3.70629988610744 54.7419962473214 155 96.6738235205412 74.3614593055099 177 278.034080914222 231.532870512456 101 93.2941374368966 156.76773362793 42 165.87262544781 31.206012936309 80 37.9909724462777 58.7589704431593 2019-01-31 "Cuenta 5"
"32" "Centro 4" 24 61 277 142.455594521016 189.801654499024 107 69.287926517427 69.2318522371352 156 120.067014335655 66.4058613590896 190 160.671843308955 73.6112913582474 80 74.16140451096 189.229846699163 76 143.257100135088 136.882236832753 2019-02-01 "Cuenta 3"
"33" "Centro 2" 160 283 51 255.040099890903 104.184838104993 168 14.7264945320785 14.4889266462997 154 53.2372496556491 271.191554330289 14 161.25693586655 194.419350381941 144 184.649540949613 183.448348380625 30 165.548917651176 140.592199005187 2019-02-02 "Cuenta 1"
"34" "Centro 4" 62 265 506 236.355039314367 95.0527927372605 10 61.0138623975217 65.1032758178189 40 51.446167146787 103.247296437621 160 97.1077333204448 43.2458430994302 75 144.646687293425 10.3115341626108 10 164.032764267176 138.220384484157 2019-02-03 "Cuenta 5"
"35" "Centro 5" 17 50 370 130.762991029769 87.2502543963492 20 87.5545964343473 98.652189807035 67 138.781169336289 42.5396807491779 8 121.663669263944 46.7639304697514 42 133.352607814595 11.3216104917228 3 123.842009622604 28.5530622117221 2019-02-04 "Cuenta 2"
"36" "Centro 5" 69 145 459 60.6568911345676 173.760774265975 81 88.3729751687497 8.81185820326209 73 19.104647054337 324.440981820226 169 93.8062878791243 61.0033763572574 153 80.4453464224935 196.553780464455 101 194.749213801697 141.659951861948 2019-02-05 "Cuenta 4"
"37" "Centro 5" 113 52 275 241.461146366782 114.381432207301 71 36.1517627723515 23.6283497186378 33 146.402412489988 345.395591389388 187 150.222777761519 20.9345913957804 12 6.42027845606208 36.7566192056984 37 114.675754960626 32.8700887970626 2019-02-06 "Cuenta 2"
"38" "Centro 3" 32 154 146 153.307185089216 181.76680682227 169 0.713724968954921 51.1628802865744 124 90.1055732974783 375.98793450743 181 48.3946359716356 199.522735876963 76 116.191566735506 96.7042007949203 179 102.695626532659 194.28467550315 2019-02-07 "Cuenta 2"
"39" "Centro 4" 171 317 377 24.4871534407139 51.8247448839247 133 12.3070917092264 25.9834551950917 112 168.32872023806 384.173105657101 109 144.864947395399 20.6063404213637 77 139.453421533108 82.3651960585266 164 109.157749218866 52.9004091862589 2019-02-08 "Cuenta 5"
"40" "Centro 2" 92 328 478 36.1699454952031 107.159645017236 29 8.05363317485899 59.4173268647864 176 167.555671138689 160.185401886702 36 46.0337740834802 104.623244795948 67 69.0846347715706 73.4110144898295 13 88.5841821320355 14.6162400022149 2019-02-09 "Cuenta 5"
"41" "Centro 4" 108 456 373 45.0389209203422 90.6686963513494 179 63.1066946079955 48.5122492536902 87 271.015358786099 269.923397433013 118 120.639981282875 43.9022804610431 156 33.6277354042977 5.21852886304259 48 89.2462444026023 188.389416178688 2019-02-10 "Cuenta 1"
"42" "Centro 4" 52 403 574 33.6645572679117 177.15990091674 27 24.7925010276958 24.2097753100097 139 119.327136757784 116.427136491984 25 79.494015686214 25.7157370448112 20 172.959892870858 69.1762065049261 1 20.2951400075108 184.101262688637 2019-02-11 "Cuenta 1"
"43" "Centro 4" 196 99 513 75.6017898442224 180.696816369891 47 38.1796212634072 19.5437505608425 83 175.776748079807 238.325315527618 141 118.048893660307 121.226696390659 12 105.018916819245 48.3867418486625 122 138.579827547073 122.231249837205 2019-02-12 "Cuenta 3"
"44" "Centro 3" 92 481 176 296.787276654504 125.863450113684 40 86.9583195308223 73.4156229067594 36 53.9033280685544 87.0927030220628 63 70.6164367962629 51.1941274162382 20 74.2895106319338 4.68985405750573 95 54.1401299647987 153.765504481271 2019-02-13 "Cuenta 5"
"45" "Centro 3" 81 25 280 137.620532792062 64.1297444701195 27 40.9822277957574 28.6044604843482 81 137.79248460196 278.034035954624 94 174.785498995334 141.329660266638 15 6.35065571404994 74.5175298303366 106 156.704317824915 74.2945739999413 2019-02-14 "Cuenta 5"
"46" "Centro 4" 10 273 459 259.048388083465 57.4004831723869 81 93.4068394824862 80.0896333530545 123 266.339938994497 312.261519581079 39 178.380531119183 129.319457802922 195 106.755651906133 68.2812123093754 156 136.361214984208 163.222130341455 2019-02-15 "Cuenta 1"
"47" "Centro 2" 181 213 90 130.430476600304 135.910816956311 42 57.0792949059978 35.7471741037443 123 116.289651836269 354.192436113954 67 169.735873350874 83.9284376706928 184 79.2339046485722 164.341969974339 62 81.5198317635804 195.783233921975 2019-02-16 "Cuenta 3"
"48" "Centro 1" 122 234 504 92.1250225044787 44.6176624856889 185 56.9783507380635 71.3839003350586 104 15.4673017328605 57.7237237244844 181 160.535377589986 38.7761239893734 181 119.912254624069 194.822422042489 7 196.461037592962 14.3608129117638 2019-02-17 "Cuenta 1"
"49" "Centro 1" 89 117 431 237.214814010076 57.1286937221885 40 73.7682612845674 5.37020002957433 82 247.399235120974 25.3473887220025 69 114.033902436495 99.365689791739 16 132.730562239885 148.662012908608 150 144.829148845747 88.7906205840409 2019-02-18 "Cuenta 3"
"50" "Centro 2" 96 195 316 90.0034673977643 187.772550806403 21 40.4422000283375 29.5126451412216 105 211.305672302842 145.387833565474 53 123.954994417727 137.851596996188 26 176.299383258447 22.7002051193267 50 148.690778715536 59.1917502693832 2019-02-19 "Cuenta 1"
"51" "Centro 1" 67 184 11 137.489088554867 1.81954498402774 79 25.4240664187819 84.2441744171083 62 211.661621695384 365.123332943767 14 120.729531673715 156.836191564798 65 63.3581282105297 18.931875936687 60 131.430661305785 64.9719225242734 2019-02-20 "Cuenta 1"
"52" "Centro 5" 37 386 342 156.960409786552 89.0745256561786 54 29.6304122777656 0.74636631179601 150 233.810096047819 145.91516898945 178 5.3011423908174 136.136427009478 163 103.231727844104 16.1089340690523 165 146.283005271107 25.1465753186494 2019-02-21 "Cuenta 1"
"53" "Centro 5" 75 142 92 29.7377098817378 198.92277251929 92 6.84033695142716 96.9335201429203 34 213.299563899636 278.01567427814 191 24.873759271577 67.8742072544992 68 8.00928655080497 147.82858369872 160 13.042221032083 84.7647970542312 2019-02-22 "Cuenta 3"
"54" "Centro 5" 176 221 241 60.4929683497176 68.6938636004925 63 29.2248124489561 83.9105948107317 142 241.1105371546 188.350168708712 1 89.5760914310813 56.8038737401366 170 148.093119775876 10.6798792257905 76 77.3038735147566 130.772685119882 2019-02-23 "Cuenta 5"
"55" "Centro 5" 132 455 45 128.306703572161 179.26245899871 103 32.8169273212552 72.0974915195256 177 13.1672555347905 276.324854139239 121 1.47565901279449 33.1768423318863 16 65.7368035521358 46.6442012693733 25 186.258315946907 21.9719026703387 2019-02-24 "Cuenta 3"
"56" "Centro 5" 52 103 384 283.448602748103 126.19674061425 54 68.0473655695096 68.4932525269687 74 48.9047161303461 57.0368219166994 168 125.02481257543 173.69481693022 86 194.79968007654 142.243974935263 164 8.02761265076697 40.7179177273065 2019-02-25 "Cuenta 5"
"57" "Centro 4" 172 44 32 158.656094642356 137.70559206605 184 10.0666088052094 36.9976722169667 170 27.8770751785487 21.9987472519279 37 163.206421723589 83.10905857943 81 183.697500731796 67.2580272424966 125 195.28104076162 25.7829226087779 2019-02-26 "Cuenta 3"
"58" "Centro 2" 1 336 308 52.7721374994144 114.996147481725 21 3.44441840425134 55.2291941829026 39 57.981199468486 172.598445881158 100 63.254283182323 154.443268524483 166 133.038398064673 60.517226299271 79 30.2147082053125 147.099168691784 2019-02-27 "Cuenta 1"
"59" "Centro 4" 157 321 218 114.799079066142 158.698147535324 73 76.8663267139345 82.2020235471427 127 180.987304612063 300.231199804693 198 195.474096713588 4.7514502890408 198 99.5850504375994 1.00784152746201 102 35.175608843565 98.1352452654392 2019-02-28 "Cuenta 2"
"60" "Centro 2" 147 373 573 153.975075739436 123.117563966662 56 92.1514785615727 45.6419059075415 134 248.342776671052 211.897935625166 198 107.492461195216 36.137310275808 105 77.6875503826886 107.921076519415 0 33.6295458022505 88.5239083319902 2019-03-01 "Cuenta 4"
"61" "Centro 3" 141 441 303 130.550224939361 176.552195334807 171 40.1106937555596 73.7554035848007 161 119.747317372821 38.0219398066401 91 125.254593230784 163.226528838277 139 103.131500817835 161.820158688352 81 4.14459174498916 28.6902626045048 2019-03-02 "Cuenta 5"
"62" "Centro 5" 152 435 526 92.323359567672 176.305259298533 165 45.6496296450496 65.0024442467839 159 131.26686704345 112.141051795334 3 9.52202212065458 30.1962954457849 136 155.055210832506 50.1892782282084 143 105.386181687936 183.951040171087 2019-03-03 "Cuenta 4"
"63" "Centro 1" 37 219 568 45.8288915455341 126.792878471315 70 92.7944558905438 2.79468605294824 36 198.177060764283 34.9240336567163 107 15.4167628847063 134.093139786273 70 108.083223598078 111.973496014252 33 113.088280707598 41.8659405317158 2019-03-04 "Cuenta 1"
"64" "Centro 3" 27 195 202 275.75881483499 42.0870749745518 168 0.470109679736197 60.6500207679346 107 43.3638607151806 287.455330230296 10 67.3855098895729 94.4386465009302 127 92.6965054590255 12.014742475003 85 74.3979091290385 166.760072018951 2019-03-05 "Cuenta 5"
"65" "Centro 2" 92 466 8 150.903787231073 147.77910169214 141 87.9961136728525 58.5462750634179 49 79.9587209243327 154.645593184978 6 110.440395353362 53.2103094272316 111 99.1362811997533 28.1275404151529 23 31.0674402862787 30.0994210876524 2019-03-06 "Cuenta 3"
"66" "Centro 1" 121 141 312 142.608425044455 197.432511392981 167 30.9675831347704 29.4375198893249 188 230.443874490447 45.1507171615958 18 7.1232529822737 178.14483884722 139 176.635605562478 35.7241159770638 16 34.4480009749532 99.6506507042795 2019-03-07 "Cuenta 4"
"67" "Centro 3" 78 420 338 16.6721454821527 90.8572712913156 172 82.7088264748454 30.2121910732239 96 95.1925460016355 180.729823932052 194 10.972229577601 47.5102048832923 121 172.838310291991 43.0444948840886 15 81.8591875489801 30.8687388431281 2019-03-08 "Cuenta 2"
"68" "Centro 3" 62 86 136 6.89341407269239 138.676842302084 137 4.93943856563419 85.7670403085649 66 53.5659304121509 48.3545375987887 98 117.577243410051 195.846456103027 13 62.4741060193628 165.335063263774 87 132.566456310451 75.2940292004496 2019-03-09 "Cuenta 4"
"69" "Centro 4" 9 271 292 237.862246879376 146.328787365928 125 16.0016066161916 71.7904314165935 114 57.340103876777 129.149155225605 163 132.306967955083 101.422593509778 76 58.3937960211188 134.261626470834 58 54.8660936299711 24.9538227915764 2019-03-10 "Cuenta 4"
"70" "Centro 4" 116 337 360 27.6142562041059 159.910741634667 17 50.3155637765303 58.6324624950066 181 40.3137135319412 167.284868936986 136 38.6746948584914 108.406908065081 6 157.329504704103 163.107611984015 188 188.479691836983 62.5245537608862 2019-03-11 "Cuenta 1"
"71" "Centro 1" 143 181 16 195.195999881253 8.62615583464503 166 2.11424455046654 87.3643279075623 199 254.999408405274 258.757901098579 86 54.9999399110675 163.561164494604 168 125.805363524705 66.8413856532425 33 84.9541136994958 93.8615305814892 2019-03-12 "Cuenta 4"
"72" "Centro 4" 77 74 128 284.970032726415 101.023743348196 199 39.1197880730033 97.1970551880077 163 174.086667224765 212.308536749333 164 126.649712910876 74.5525255799294 120 134.127816883847 78.9863883983344 69 34.6230715513229 117.066162405536 2019-03-13 "Cuenta 1"
"73" "Centro 5" 5 292 193 222.214049566537 22.2809163853526 110 49.6342071099207 27.4355457164347 53 19.0464648418128 88.43928957358 182 198.188630724326 195.149547513574 171 182.078683376312 35.7594514265656 200 110.489821247756 124.109939066693 2019-03-14 "Cuenta 2"
"74" "Centro 1" 175 189 417 42.3610088881105 43.9475531689823 23 7.70753812976182 16.7572970502079 41 92.3049026168883 115.743373613805 3 94.8681379202753 54.1947234421968 184 174.570021452382 32.5420638546348 77 43.7677537091076 110.293538914993 2019-03-15 "Cuenta 3"
"75" "Centro 2" 176 378 583 178.602999961004 187.697600014508 156 72.7896140422672 93.4027872048318 150 64.566798065789 167.011062242091 163 157.626476045698 38.6866859160364 79 144.658647757024 171.660627936944 132 22.21570010297 190.253722900525 2019-03-16 "Cuenta 3"
"76" "Centro 3" 107 254 468 31.7315255524591 59.2031459324062 5 34.1130481800064 8.26009612064809 137 237.766096950509 90.4303603805602 140 69.0056929830462 8.00638636574149 150 91.4007289335132 141.793372388929 34 102.583926357329 155.059600574896 2019-03-17 "Cuenta 5"
"77" "Centro 3" 51 168 583 126.301399804652 113.243999006227 167 80.2190127316862 84.0312061831355 75 125.01264824532 132.188278995454 43 139.345572236925 137.784114386886 93 20.5386825371534 52.478296123445 95 43.9176741056144 197.67479384318 2019-03-18 "Cuenta 1"
"78" "Centro 5" 44 156 63 52.0903263241053 82.7527299523354 87 96.2826907401904 19.219034188427 106 282.906804280356 289.910758286715 89 50.5215984769166 68.5710592195392 164 134.857672918588 199.070141930133 69 92.0488335657865 29.7476429492235 2019-03-19 "Cuenta 5"
"79" "Centro 5" 142 293 73 179.630885738879 8.59768996015191 75 5.95750308129936 4.56194248981774 61 294.527876470238 229.199918918312 170 146.635087113827 39.0127192717046 158 92.2443135641515 149.997816933319 105 159.34002045542 76.4890994876623 2019-03-20 "Cuenta 1"
"80" "Centro 1" 136 154 190 265.100297424942 151.165016693994 60 11.2378663383424 44.5662823040038 95 78.1530710868537 163.287658989429 34 189.962239656597 118.981989799067 140 66.1791376303881 195.04569163546 99 3.17502492107451 3.55914165265858 2019-03-21 "Cuenta 2"
"81" "Centro 5" 194 161 153 25.22981709335 75.278199929744 167 86.5368717815727 14.2877931706607 55 208.868873957545 189.020968973637 175 11.3923788070679 104.757627705112 108 10.3529312182218 25.1798696350306 157 166.520556248724 171.211490267888 2019-03-22 "Cuenta 3"
"82" "Centro 2" 75 452 347 247.583591728471 100.802341662347 128 66.1267599556595 90.5192420585081 195 85.3297661058605 284.294869098812 141 186.580981919542 12.3816892970353 0 8.86046141386032 146.272946055979 142 53.5917064640671 137.827835092321 2019-03-23 "Cuenta 2"
"83" "Centro 5" 111 129 539 22.362703923136 102.808284945786 18 53.175323898904 52.3823880357668 26 187.344888481312 392.308153025806 54 47.0591272693127 119.413285609335 162 0.0296261161565781 47.3936477676034 47 85.0344097241759 16.0010479390621 2019-03-24 "Cuenta 5"
"84" "Centro 3" 86 396 235 132.61061666999 63.2491602562368 93 32.7865049242973 51.6677760286257 186 0.283303507603705 137.163782771677 60 49.5955409947783 25.7098266389221 49 32.0921905338764 126.035313494503 180 184.546805545688 121.593816345558 2019-03-25 "Cuenta 3"
"85" "Centro 2" 183 31 485 71.7506994260475 159.019219595939 72 85.223658150062 54.174623102881 43 228.354604938067 35.0030845962465 183 162.831892352551 172.832002164796 105 37.8424046095461 38.3463485632092 13 69.5361556485295 167.247081222013 2019-03-26 "Cuenta 2"
"86" "Centro 5" 160 193 142 54.5656895264983 89.8664711043239 58 36.0107085667551 97.4270892096683 94 197.064223699272 276.67306708172 51 34.768240340054 121.913202945143 160 18.6099418438971 32.3705759830773 156 113.206874998286 165.96239884384 2019-03-27 "Cuenta 3"
"87" "Centro 3" 90 269 505 63.9138343976811 133.489682525396 11 50.258825882338 96.4674560818821 73 283.177642710507 180.338416900486 32 185.965492390096 25.9765718132257 122 188.354024384171 148.987182183191 133 89.6180220413953 121.47941137664 2019-03-28 "Cuenta 3"
"88" "Centro 2" 122 84 434 249.682920612395 67.2890051268041 167 76.0049809236079 41.0735798999667 170 278.698884509504 156.238753441721 152 93.7279428355396 88.7232871260494 170 61.9602794758976 188.516503199935 107 15.5561096034944 194.571208721027 2019-03-29 "Cuenta 3"
"89" "Centro 5" 94 159 183 174.191279313527 156.589857349172 21 93.5561459045857 82.2146938880906 3 292.657466651872 247.563142888248 186 22.7686672471464 5.71321514435112 72 37.7309840172529 116.663518827409 94 8.46246830187738 58.514117822051 2019-03-30 "Cuenta 5"
"90" "Centro 3" 115 488 493 247.024904494174 57.1633293293417 86 96.6883722459897 62.067032023333 176 41.6313873371109 341.446955408901 58 165.158659406006 138.280491577461 119 179.045196156949 22.7123900316656 26 49.0924679208547 7.86642725579441 2019-03-31 "Cuenta 5"
"91" "Centro 5" 123 1 156 141.919212159701 145.554152969271 192 5.88093588594347 85.9427464660257 116 105.118751898408 154.949057847261 164 2.62145115993917 146.2066589389 71 87.7604590728879 42.8364755120128 151 163.981014490128 58.0360481049865 2019-04-01 "Cuenta 1"
"92" "Centro 4" 32 350 74 243.308808538131 48.3228888828307 72 21.9705085502937 87.0101816253737 98 254.673858638853 316.44991626963 173 95.7385757472366 29.0645245928317 79 184.283163957298 118.969537410885 43 60.4249883443117 171.725297858939 2019-04-02 "Cuenta 3"
"93" "Centro 2" 82 476 138 203.324227407575 197.516192588955 40 34.9357506260276 67.9350985679775 22 242.155732819811 309.543751180172 106 127.383904298767 66.773372143507 49 1.92146846093237 79.019169928506 125 41.49379581213 125.571026047692 2019-04-03 "Cuenta 3"
"94" "Centro 5" 99 429 123 129.963035322726 195.023941155523 163 71.9461037311703 45.3723969869316 163 294.295882084407 348.817368131131 31 121.328078629449 194.233299605548 85 73.0217944364995 121.848633605987 94 40.833951253444 59.1766003053635 2019-04-04 "Cuenta 2"
"95" "Centro 2" 74 242 528 217.948971223086 106.798157095909 172 20.3818645793945 9.04865260235965 139 28.2164099626243 204.431720264256 88 135.635219607502 170.24620580487 97 182.157907355577 64.7325836587697 74 52.5456287898123 135.869156755507 2019-04-05 "Cuenta 2"
"96" "Centro 4" 66 304 18 155.093105742708 57.6814138330519 89 43.7006396241486 29.5903801219538 189 156.621603691019 242.193111497909 0 196.600998565555 106.522864382714 57 35.4199377354234 196.780707547441 181 141.048497287557 92.7368457429111 2019-04-06 "Cuenta 1"
"97" "Centro 5" 107 155 334 288.929193187505 110.382266249508 71 45.7681469386443 64.7535814205185 86 51.9911038689315 154.112661723047 72 142.828377848491 159.36938887462 134 170.804632874206 175.729367416352 112 122.861764300615 196.094512753189 2019-04-07 "Cuenta 2"
"98" "Centro 5" 126 497 502 260.803718771785 84.9920633248985 198 60.0886742584407 13.0786239635199 178 60.9175862744451 191.52736403048 39 30.2794423885643 163.116483017802 59 181.421954696998 83.7458191905171 121 63.4028905536979 80.2791053894907 2019-04-08 "Cuenta 5"
"99" "Centro 4" 198 273 440 52.6142322923988 79.3220730964094 133 49.4197318563238 13.5670769494027 10 153.668830613606 332.794872205704 121 134.148457460105 153.436070401222 104 21.8979198485613 60.2244864683598 199 122.25922322832 37.2703733853996 2019-04-09 "Cuenta 5"
"100" "Centro 4" 124 11 278 47.2174904309213 180.739454552531 165 94.896353688091 45.9037721389905 103 139.595330064185 302.718716301024 74 192.681032884866 131.814648257568 61 74.6065312996507 136.435937369242 133 38.1746442522854 62.2752798255533 2019-04-10 "Cuenta 5"
"101" "Centro 5" 88 195 325 192.505750595592 185.164743894711 38 89.1313621075824 76.9757884088904 22 46.7759917723015 8.57103830203414 187 35.2107138838619 180.916974181309 189 180.425057001412 183.323716791347 56 180.832239752635 175.34215641208 2019-04-11 "Cuenta 3"
"102" "Centro 5" 25 271 209 194.009266211651 5.61398211866617 190 85.3999973973259 60.1815103320405 12 221.491371653974 307.412741053849 190 153.184050833806 0.297296652570367 133 120.31737905927 27.4140924680978 126 110.174926789477 137.499543791637 2019-04-12 "Cuenta 3"
"103" "Centro 4" 91 319 512 116.333135683089 119.148931792006 88 3.49335328210145 31.4188717398793 123 295.49326992128 92.274537589401 72 87.7529022749513 157.412533462048 73 60.0214990321547 134.414953971282 12 3.35593563504517 123.947914876044 2019-04-13 "Cuenta 4"
"104" "Centro 1" 69 473 242 7.37874833866954 120.385607145727 101 95.9985567023978 42.4284692388028 196 174.926794460043 385.845739208162 110 86.2230270169675 153.383666137233 143 157.244795141742 136.919295601547 8 48.0201097670943 143.530801450834 2019-04-14 "Cuenta 4"
"105" "Centro 3" 20 145 312 124.192290916108 135.263160197064 27 88.3263317402452 10.7404840178788 4 162.133800890297 64.2775781452656 14 173.215223057196 170.907578198239 96 19.6010389365256 65.0822911411524 6 148.728093924001 185.421996144578 2019-04-15 "Cuenta 2"
"106" "Centro 4" 157 137 220 85.2169083198532 52.3753555957228 54 66.4647269295529 93.2084161555395 14 24.5077898260206 75.8525452576578 176 166.303548961878 24.2636074312031 82 189.046482229605 138.8982900884 40 105.087379133329 191.917466651648 2019-04-16 "Cuenta 4"
"107" "Centro 5" 127 53 596 7.15150348842144 139.134615287185 13 17.0932182343677 40.5208912212402 113 40.1685886317864 219.277238659561 62 11.559781851247 60.5994711164385 128 136.6310861893 156.078233243898 30 139.378417190164 72.7049984503537 2019-04-17 "Cuenta 1"
"108" "Centro 1" 114 79 167 177.940043667331 36.7088829167187 102 42.039705789648 76.962687051855 191 43.3351828716695 93.2912313379347 191 142.034792853519 80.8655839413404 32 74.5946513023227 156.262777931988 97 64.7947546560317 102.189763262868 2019-04-18 "Cuenta 4"
"109" "Centro 1" 140 236 154 271.447814418934 81.232861476019 93 88.7333337217569 59.081381582655 21 105.500954459421 306.384518928826 139 41.4532361086458 190.171125950292 197 21.125073172152 173.452598555014 172 81.7860780283809 85.5947327800095 2019-04-19 "Cuenta 4"
"110" "Centro 5" 77 21 368 222.216193238273 178.338380064815 151 60.8312505530193 30.5580891668797 13 119.489361229353 35.5779242701828 88 155.615123547614 46.2240351829678 108 106.734969932586 52.3794561158866 99 29.4661266263574 140.110636036843 2019-04-20 "Cuenta 2"
"111" "Centro 1" 25 224 158 233.095397637226 187.099654925987 102 44.711563619785 12.0008194586262 82 190.209793369286 173.2406870462 130 175.383454700932 153.690961329266 143 117.843700712547 6.29972508177161 135 158.12993561849 116.461881948635 2019-04-21 "Cuenta 5"
"112" "Centro 3" 152 484 225 63.5309892939404 1.08883855864406 61 53.7935491418466 17.9594021756202 15 248.407129012048 253.523796238005 28 196.625457238406 48.4213008079678 54 101.150692766532 188.02224160172 42 23.4659638255835 177.30772504583 2019-04-22 "Cuenta 1"
"113" "Centro 3" 73 163 279 285.756590939127 174.902725405991 80 48.2236652635038 25.4836007719859 58 180.501994094811 165.700222179294 178 21.4201333001256 41.6362485848367 153 101.56025942415 126.738720713183 132 56.4991718623787 42.3773620277643 2019-04-23 "Cuenta 4"
"114" "Centro 3" 197 184 196 130.401745182462 156.591683812439 128 58.0835472093895 82.7864192426205 53 17.9495254531503 83.2788676023483 195 168.893784144893 152.627966972068 53 14.5901225507259 179.863320523873 91 9.24326037056744 44.2831546068192 2019-04-24 "Cuenta 3"
"115" "Centro 2" 28 219 83 41.5751702617854 182.681737793609 169 20.263403840363 74.6610861737281 114 2.38630471285433 45.8351069130003 35 141.674987180158 95.1975683216006 4 5.16732772812247 61.7942542769015 184 192.863878980279 130.654221773148 2019-04-25 "Cuenta 3"
"116" "Centro 5" 25 9 118 177.481623832136 29.5271913055331 187 30.7473526103422 98.6999818123877 182 249.032640480436 211.381508409977 33 61.7518461775035 129.140388453379 184 177.776990039274 4.8285418190062 170 34.8609948530793 75.5904442165047 2019-04-26 "Cuenta 3"
"117" "Centro 3" 108 189 266 143.46360268537 73.581245681271 193 40.6139347935095 81.9723910884932 42 39.6908254595473 129.278635792434 121 159.93958436884 82.3934118729085 153 36.1408703960478 196.552196471021 74 2.71597867831588 181.641022721305 2019-04-27 "Cuenta 3"
"118" "Centro 4" 194 402 156 247.373576508835 64.1151927411556 100 59.4748098403215 3.43850487843156 200 207.828202773817 386.547083314508 177 60.3992076590657 92.4445416312665 57 135.874425806105 0.486279465258121 161 6.80850259959698 85.9501850325614 2019-04-28 "Cuenta 1"
"119" "Centro 3" 86 245 200 13.4279916062951 144.11478578113 92 15.179964271374 64.8547685239464 16 175.694109150209 234.544386155903 88 0.0215658918023109 187.93557616882 198 68.5029937885702 107.515715155751 112 84.7180708777159 13.1357778795063 2019-04-29 "Cuenta 1"
"120" "Centro 1" 104 77 596 12.3642955441028 173.998329695314 173 69.0936237573624 73.7330880248919 60 106.118819816038 220.472560543567 182 97.8661856614053 73.3064087107778 195 81.7791351582855 87.4236435629427 99 171.318408474326 1.9480804912746 2019-04-30 "Cuenta 1"
"121" "Centro 4" 92 66 489 4.10685769747943 173.807103792205 135 73.4978356864303 18.2098999619484 25 199.599537067115 51.1135790497065 182 139.002260938287 173.922103084624 109 55.9133890084922 172.776733338833 104 155.359239503741 197.991492506117 2019-05-01 "Cuenta 3"
"122" "Centro 3" 4 332 178 265.907259914093 99.4887446518987 186 43.1802423670888 99.1070266114548 115 263.081811089069 286.751176696271 144 76.4601355418563 163.680008193478 3 46.2984564714134 89.7368298843503 37 83.2211053464562 22.018805006519 2019-05-02 "Cuenta 5"
"123" "Centro 5" 59 302 272 75.0791517784819 3.22634242475033 105 57.1098105516285 41.8644605670124 13 240.290606883354 262.380143720657 23 130.52335283719 31.3860930968076 137 164.023675769567 198.114588996395 180 15.9372486639768 100.011625187472 2019-05-03 "Cuenta 2"
"124" "Centro 4" 83 87 8 115.496186516248 122.807585913688 112 32.8984970226884 56.4400721574202 141 140.429888712242 329.814402293414 24 9.1037486679852 127.382499165833 71 55.4902653675526 7.34557691030204 8 80.3047052118927 131.848291261122 2019-05-04 "Cuenta 2"
"125" "Centro 3" 114 39 560 101.364522613585 67.2236246522516 154 87.3060327023268 36.9080547709018 150 294.410756975412 253.876563999802 85 101.395231951028 46.9276514835656 27 52.4520412553102 116.987472120672 134 43.6572519131005 113.164855772629 2019-05-05 "Cuenta 2"
"126" "Centro 3" 145 313 152 177.475410676561 2.56753447465599 100 48.6633979948238 39.1326185781509 151 148.167390050367 212.90117520839 35 169.89873116836 128.824766725302 90 159.704172052443 136.19246580638 26 9.89147126674652 184.147519059479 2019-05-06 "Cuenta 5"
"127" "Centro 2" 113 137 488 243.621347285807 98.6541891936213 100 20.3858325956389 25.1723832217976 14 147.975620138459 284.507953841239 200 59.2287141829729 178.554197773337 9 70.0716501567513 54.5425011776388 71 56.7139895632863 49.3425328750163 2019-05-07 "Cuenta 3"
"128" "Centro 4" 103 338 530 68.7160491943359 77.449187124148 180 38.3010243298486 65.0986218359321 6 92.8156018489972 86.7420763708651 58 137.036024127156 119.467691890895 78 11.009066272527 33.7672655005008 69 157.08519318141 69.0839529503137 2019-05-08 "Cuenta 1"
"129" "Centro 2" 139 104 225 6.89554587006569 104.617523681372 36 9.32941760402173 7.71315791644156 13 58.5863323649392 147.594540473074 153 81.540377670899 122.521572560072 155 89.4260882399976 162.107489258051 46 127.945308573544 81.8857798818499 2019-05-09 "Cuenta 1"
"130" "Centro 5" 150 363 433 261.490966100246 5.80524215474725 159 0.56701188441366 38.3177793584764 36 78.533510514535 234.328175988048 86 160.999527852982 97.9125569108874 46 24.4516359176487 80.9999768156558 4 134.623629879206 142.998345568776 2019-05-10 "Cuenta 1"
"131" "Centro 3" 27 434 440 88.6862568324432 186.868344200775 5 99.0579802310094 66.7401772690937 148 32.9543521162122 244.461853522807 65 196.581825753674 44.4956145249307 66 108.861651876941 96.1404231376946 155 118.541502580047 78.1422365922481 2019-05-11 "Cuenta 3"
"132" "Centro 4" 102 53 151 280.753052816726 23.6079629976302 191 38.4617306059226 14.7302681813017 96 171.390399592929 398.560418281704 56 173.176584392786 23.3899565413594 102 27.3481667041779 22.6621385198087 23 138.231940055266 142.105731694028 2019-05-12 "Cuenta 1"
"133" "Centro 3" 16 183 270 162.520330608822 101.967312721536 172 95.5756125273183 28.3194572664797 199 223.069890076295 210.755052790046 7 147.808568598703 121.727740578353 106 169.03572967276 137.651341501623 109 92.0912214089185 74.2350094020367 2019-05-13 "Cuenta 4"
"134" "Centro 1" 44 316 194 57.5878194300458 86.1861744895577 110 82.5323715806007 64.4505353877321 128 63.0448361160234 148.067498765886 166 168.028909293935 94.7546395473182 77 141.572115803137 29.8480655066669 200 186.514275055379 4.19725412502885 2019-05-14 "Cuenta 1"
"135" "Centro 5" 78 166 507 66.823045257479 116.422077873722 57 84.0320946415886 21.0640404606238 14 285.604728385806 333.195844013244 139 56.6122214775532 163.35855750367 58 162.100467830896 122.149895178154 17 50.023556407541 85.4052559006959 2019-05-15 "Cuenta 2"
"136" "Centro 5" 44 323 132 46.8899982981384 141.881233453751 145 57.9361452721059 76.9731493899599 108 212.69195380155 13.8269694522023 24 28.9100023917854 107.781310146675 75 150.971437804401 79.9217692110687 169 125.295383436605 149.795370642096 2019-05-16 "Cuenta 3"
"137" "Centro 1" 182 364 391 182.755076070316 163.409020146355 3 52.5247402489185 96.4277590857819 18 28.2712746178731 9.98283550143242 79 37.8370569087565 139.654350047931 47 145.772710768506 11.4314823411405 8 90.291478484869 31.7136967089027 2019-05-17 "Cuenta 2"
"138" "Centro 4" 102 483 334 67.6397110568359 74.4975829962641 116 56.4458393957466 68.0253645870835 97 76.3611709931865 95.2108419500291 6 116.017195163295 75.7147294003516 62 92.4952575936913 126.470300508663 149 39.7904883604497 153.253205073997 2019-05-18 "Cuenta 1"
"139" "Centro 4" 109 343 586 21.9408866716549 43.3669771067798 65 53.2392503228039 4.42719019483775 172 110.664265905507 166.457182820886 190 93.132914789021 150.62226485461 2 136.448376392946 163.965845666826 95 155.523514049128 49.9138084705919 2019-05-19 "Cuenta 5"
"140" "Centro 1" 22 244 177 15.5885489657521 0.00915187411010265 3 41.456831432879 5.7455908274278 188 206.245862832293 31.1792855150998 32 95.5144414678216 68.1410904973745 58 116.762092569843 79.994785413146 136 3.95165798254311 91.7938475962728 2019-05-20 "Cuenta 1"
"141" "Centro 5" 134 72 208 277.304401039146 71.3466385845095 174 84.3156729126349 74.1015463834628 19 0.429134792648256 184.853974636644 114 35.3188250679523 24.014386581257 71 133.075324213132 55.0606296863407 148 67.3027940094471 15.2740715071559 2019-05-21 "Cuenta 2"
"142" "Centro 1" 79 219 436 62.8571308683604 159.896096726879 120 32.3349282378331 84.6871084999293 133 247.395273763686 136.565421521664 114 55.5236506741494 64.6489368285984 0 126.922860415652 21.9731556251645 85 179.411019850522 137.403100775555 2019-05-22 "Cuenta 4"
"143" "Centro 2" 138 286 548 115.239597950131 2.65220352448523 132 68.8850119942799 93.9149180892855 75 206.039422773756 365.481306798756 42 12.8513209987432 26.8267314415425 52 145.494594471529 42.1363894362003 16 102.563490346074 67.4114947672933 2019-05-23 "Cuenta 3"
"144" "Centro 2" 132 414 86 45.0910106068477 20.3085485380143 186 0.43830294162035 51.4800153672695 121 64.9810855742544 194.215174205601 38 188.539397064596 182.677429448813 56 137.156325951219 46.7736674007028 19 14.4675717223436 91.103463480249 2019-05-24 "Cuenta 5"
"145" "Centro 5" 129 33 48 123.55347268749 45.9957792423666 1 55.8878285577521 60.2865270106122 103 286.811795295216 350.240300223231 111 25.4308057483286 182.661237055436 113 77.9480442870408 86.6488520056009 17 72.1571605186909 140.5199194327 2019-05-25 "Cuenta 2"
"146" "Centro 2" 25 9 228 52.0272492198274 147.342148376629 68 44.4988498929888 39.2927980748937 125 75.8751903427765 274.023254495114 155 137.700097914785 35.4014392010868 67 53.6596968770027 166.122274519876 105 4.89780032075942 151.41039150767 2019-05-26 "Cuenta 1"
"147" "Centro 3" 176 249 507 61.9908179389313 180.241353670135 119 21.4378294534981 19.5502002490684 95 32.5551295420155 80.6482677347958 12 142.941569210961 10.0619266275316 24 3.5387116484344 61.1086974386126 182 151.595735969022 93.7863489147276 2019-05-27 "Cuenta 2"
"148" "Centro 1" 82 311 573 162.24073623307 123.317348537967 153 88.5835400084034 80.4304735036567 109 133.946989662945 26.0142083279788 145 14.4401194993407 166.597864869982 103 172.183478437364 182.566000660881 5 110.981573583558 138.415014371276 2019-05-28 "Cuenta 5"
"149" "Centro 5" 111 277 159 28.3883842639625 127.582189068198 20 94.4352230522782 49.0071444772184 125 123.502489761449 26.8917800858617 155 53.3691758755594 8.58827489428222 25 26.6275379341096 183.567172056064 200 184.839915623888 4.11070440895855 2019-05-29 "Cuenta 5"
"150" "Centro 3" 188 280 566 130.73789505288 1.68795469217002 49 6.85163727030158 88.2423045579344 103 242.151223495603 213.867368642241 196 112.179079791531 43.7832905910909 56 100.038417149335 97.6173567585647 28 174.944494664669 56.0171305667609 2019-05-30 "Cuenta 1"
"151" "Centro 2" 187 297 223 191.446316172369 174.390990380198 156 93.515942315571 79.0405916748568 188 1.21964667923748 107.269838172942 47 175.32389992848 187.511508213356 43 27.8000416234136 124.616209836677 169 166.532081132755 146.221521915868 2019-05-31 "Cuenta 4"
"152" "Centro 5" 21 229 408 273.127070465125 132.59253166616 8 0.318851764313877 24.0885834675282 169 69.6702075423673 386.317491251975 29 125.809200946242 39.8641819600016 125 133.858768548816 172.363555431366 109 73.3411320950836 157.997194165364 2019-06-01 "Cuenta 4"
"153" "Centro 3" 87 251 187 201.528734620661 159.694121405482 3 84.3165482394397 87.6046879449859 168 137.703716056421 115.040813200176 8 35.0158445071429 12.4623601790518 97 186.953188525513 34.3683651182801 5 36.4614351652563 86.5389221347868 2019-06-02 "Cuenta 2"
"154" "Centro 2" 149 29 541 17.1443450963125 180.996441747993 149 91.2660676985979 80.8772173011675 147 285.695150750689 199.343781452626 79 159.17327911593 97.5038851145655 127 148.819617647678 100.471326196566 184 158.920324407518 120.259723579511 2019-06-03 "Cuenta 5"
"155" "Centro 5" 122 385 514 155.852325051092 151.131972204894 170 0.472014141269028 55.6815810035914 75 207.644435483962 323.587702866644 8 4.39730891957879 109.170779911801 109 188.566130911931 12.9253914114088 158 16.5554863400757 138.510684436187 2019-06-04 "Cuenta 4"
"156" "Centro 3" 68 140 365 265.625411923975 164.605517592281 152 0.385493761859834 68.9323602477089 186 269.178050709888 88.2746266201138 121 56.3853800296783 145.035211462528 165 184.662141883746 193.43342743814 182 159.051407268271 11.0354593023658 2019-06-05 "Cuenta 3"
"157" "Centro 1" 76 32 253 78.2186047174037 68.5361789539456 152 94.6415211306885 77.5055980309844 44 291.23223319184 34.3511655926704 55 25.3239615354687 86.8346354458481 77 105.084089562297 29.2074666824192 156 9.68604693189263 157.015933282673 2019-06-06 "Cuenta 5"
"158" "Centro 1" 127 15 248 63.1798908580095 199.383060401306 134 53.913892316632 42.488565063104 28 14.850244182162 254.218703601509 93 140.10073938407 102.110647363588 182 144.099112087861 54.4648576527834 178 80.6212659459561 90.7380476593971 2019-06-07 "Cuenta 4"
"159" "Centro 3" 62 317 404 75.730345887132 85.0827559828758 152 74.3562235031277 67.0055531896651 8 154.604078619741 183.978561777622 174 9.27739539183676 49.8461125884205 109 79.1060633957386 8.49684639833868 91 46.0355798713863 62.0894302148372 2019-06-08 "Cuenta 2"
"160" "Centro 1" 76 334 147 223.979191342369 143.783092172816 33 98.338879365474 35.2422648807988 41 226.919374451973 159.673458151519 185 43.9148207660764 136.369542311877 189 83.3565129898489 180.173718277365 188 17.3609829042107 96.2383565027267 2019-06-09 "Cuenta 4"
"161" "Centro 4" 76 322 107 170.802127872594 116.620588023216 56 59.5660655992106 67.6942452788353 18 35.9482058091089 66.62657847628 31 7.08889695815742 101.108063384891 99 90.5629350338131 140.948900161311 27 14.2673079390079 15.8875607419759 2019-06-10 "Cuenta 3"
"162" "Centro 1" 75 242 239 152.198854624294 151.748615223914 48 55.1924573490396 33.2962221698835 181 175.00710231252 386.202471330762 151 27.6223552413285 33.8424785993993 94 40.832093777135 184.131029387936 132 151.235757954419 175.303876912221 2019-06-11 "Cuenta 1"
"163" "Centro 5" 198 401 5 3.73496180400252 137.406728090718 30 76.6998758306727 80.8486367342994 27 2.3356996010989 179.396201204509 114 54.2217100039124 43.5932497028261 153 142.788934614509 122.012803051621 54 179.189452948049 126.26002910547 2019-06-12 "Cuenta 2"
"164" "Centro 2" 107 144 586 171.817197999917 180.056417454034 159 98.3505076728761 21.2608602363616 56 195.555908535607 236.361760087311 113 150.228986144066 0.782125489786267 95 37.6307671424001 110.17478662543 39 65.3246311470866 80.9193362481892 2019-06-13 "Cuenta 4"
"165" "Centro 1" 95 52 230 226.376817002892 25.3820748534054 198 15.8260143594816 74.5153500698507 96 35.8139968011528 47.4763181991875 191 162.115223100409 197.517528291792 22 94.2834870889783 180.886428756639 92 89.3591575790197 110.866027604789 2019-06-14 "Cuenta 4"
"166" "Centro 5" 64 15 285 161.106993933208 32.3919038288295 123 57.757853413932 80.2339605055749 191 11.5358765702695 83.6874969303608 105 10.1121004670858 63.1372441072017 195 76.0898261331022 193.936920817941 181 81.4758540131152 136.310371477157 2019-06-15 "Cuenta 5"
"167" "Centro 4" 44 310 337 35.5014715343714 12.7048995811492 90 49.0114448824897 71.8962104525417 165 243.102514394559 69.3404437042773 12 64.9737034924328 172.762557724491 112 39.6817725151777 158.434361265972 187 15.270659700036 61.3654489628971 2019-06-16 "Cuenta 5"
"168" "Centro 1" 69 8 129 277.578179771081 34.1466507874429 119 34.6457361476496 80.6579102762043 56 62.2320624534041 58.6012181825936 190 40.2643467765301 2.13784575462341 162 149.452432664111 118.429911881685 86 140.241867117584 152.941063325852 2019-06-17 "Cuenta 1"
"169" "Centro 2" 196 103 209 110.116882435977 112.148241233081 126 86.557082273066 26.4214017195627 8 91.7183280922472 299.140064138919 38 76.9141141790897 26.6498988494277 4 88.6555003467947 146.892733359709 36 52.3201117292047 43.442774284631 2019-06-18 "Cuenta 2"
"170" "Centro 2" 83 235 520 129.481884045526 50.8548389188945 96 48.7809498095885 24.1293445695192 123 104.160156240687 136.418666597456 192 27.0386683754623 62.9511303734034 84 103.178573399782 199.160957429558 176 35.1318655535579 53.2858044374734 2019-06-19 "Cuenta 1"
"171" "Centro 3" 83 195 411 188.426982332021 79.1338422801346 41 69.6038279216737 65.7482934184372 1 158.863345789723 386.344929598272 34 53.1872210092843 62.3655220493674 152 54.0226889774203 170.241074729711 185 95.2862284611911 186.272528627887 2019-06-20 "Cuenta 3"
"172" "Centro 3" 175 246 269 282.28859254159 14.3990082200617 36 5.41908675804734 82.428875262849 16 183.641456672922 381.431083660573 143 175.791552383453 60.5110170785338 126 56.1922122258693 93.8915838487446 39 40.9186946693808 185.9811689239 2019-06-21 "Cuenta 2"
"173" "Centro 4" 181 196 163 143.717486830428 188.380639208481 26 45.9474495146424 60.058159660548 175 136.247432883829 64.7756558842957 22 155.154464719817 128.414018452168 6 170.667748851702 105.972040304914 105 38.2122877985239 66.476727090776 2019-06-22 "Cuenta 1"
"174" "Centro 3" 112 103 397 107.548197219148 165.090071456507 10 5.16854068264365 42.1113816089928 26 147.175213973969 120.513364300132 179 199.799007037655 105.071876198053 31 164.420381141827 137.065516319126 81 25.0083264894783 41.5409122593701 2019-06-23 "Cuenta 3"
"175" "Centro 5" 10 427 439 90.1510384865105 153.597383806482 164 38.3389529772103 54.5794240664691 162 225.924406084232 90.2238258160651 119 27.4298718199134 130.384687287733 190 163.222287781537 54.1386729106307 22 158.868264360353 99.0805874578655 2019-06-24 "Cuenta 3"
"176" "Centro 1" 180 136 109 237.6429338241 134.749142220244 162 27.6218727231026 68.6019266489893 40 83.7516685249284 374.142538476735 161 136.416397476569 162.582542328164 139 157.071504415944 175.89205163531 195 16.2202831823379 20.2930171042681 2019-06-25 "Cuenta 1"
"177" "Centro 3" 155 496 125 57.5018196366727 180.115118576214 112 6.3923220615834 23.6622905824333 161 278.190649556927 361.358740460128 21 68.0504142306745 6.54162005521357 160 88.9477933757007 185.482530901209 78 146.004636073485 71.3886191137135 2019-06-26 "Cuenta 2"
"178" "Centro 4" 22 216 420 212.466252967715 191.046233614907 65 21.8493490945548 39.0096724499017 59 41.8425151146948 145.416328404099 67 66.4841957390308 173.187891207635 126 101.675417879596 79.266268806532 94 120.258749555796 8.61161174252629 2019-06-27 "Cuenta 4"
"179" "Centro 3" 168 166 24 46.2586357723922 130.347621208057 194 69.688391382806 83.8321754941717 127 74.4905055267736 387.462936621159 101 141.114432038739 175.875062728301 91 88.9945204369724 109.579402487725 157 27.0661933813244 137.924278620631 2019-06-28 "Cuenta 2"
"180" "Centro 3" 78 468 416 14.0535368118435 173.302027257159 136 5.82490323577076 20.6686096498743 53 212.944682990201 178.721158672124 177 8.01914846524596 186.41144069843 149 18.4762089978904 83.1580249592662 200 66.4436738472432 82.1208173409104 2019-06-29 "Cuenta 2"
"181" "Centro 4" 152 197 221 213.506563520059 124.923585588112 61 37.3329224064946 51.0377714643255 32 10.0060648284853 261.61387655884 156 199.742057174444 149.246009765193 183 136.521507008001 4.67676464468241 153 58.8387430645525 55.7269713841379 2019-06-30 "Cuenta 4"
"182" "Centro 3" 160 399 586 164.142779144458 119.624445633963 9 39.6484897006303 69.964155415073 179 47.705543297343 283.285597339272 196 156.877166079357 67.2213029116392 165 56.2636894639581 29.8823377583176 181 137.633988354355 186.479172948748 2019-07-01 "Cuenta 1"
"183" "Centro 2" 67 301 480 69.1619833465666 188.939630566165 15 67.9850161774084 13.192624389194 196 137.800595699809 267.503824457526 102 155.880670901388 178.248987626284 101 174.577980069444 35.3407804388553 186 107.284586410969 31.2967405188829 2019-07-02 "Cuenta 5"
"184" "Centro 3" 77 464 373 223.799059144221 194.79972855188 112 39.9112088605762 94.9902022490278 199 190.781712904572 323.445563018322 161 79.1999404318631 103.272762568668 150 62.3533200006932 197.513156477362 191 58.0928423907608 169.141669152305 2019-07-03 "Cuenta 3"
"185" "Centro 2" 104 179 591 183.158891857602 24.6266797184944 56 22.8344541275874 80.9282656759024 17 131.584018003196 175.77766161412 96 87.8577412571758 91.7924294248223 5 198.698834283277 47.4681640975177 159 3.74147943221033 83.7879118975252 2019-07-04 "Cuenta 1"
"186" "Centro 2" 88 156 153 174.697237252258 146.635109046474 15 74.4547378271818 98.0009699007496 109 224.28338394966 275.509344786406 26 160.693391878158 59.9648255389184 165 155.804025521502 3.94018101505935 174 168.132707290351 153.613090468571 2019-07-05 "Cuenta 1"
"187" "Centro 5" 102 231 348 69.3965499289334 51.94331263192 173 27.2900155978277 91.9777365867049 194 290.822559432127 268.615675996989 1 163.92673891969 10.2354313712567 67 157.976428978145 183.36771982722 180 184.789909562096 199.151988187805 2019-07-06 "Cuenta 5"
"188" "Centro 4" 122 218 56 58.9313138974831 95.5301777459681 153 44.0679068677127 92.4384091282263 43 163.06448194664 61.8780815042555 73 135.223404411227 164.199022995308 34 62.9953181836754 164.808265073225 29 67.8855975158513 155.135090462863 2019-07-07 "Cuenta 3"
"189" "Centro 3" 171 226 277 186.265195067972 25.1686005387455 88 8.41764637734741 46.0314073832706 188 295.648009772412 87.0413391850889 108 131.205925066024 147.471994673833 144 53.8797724060714 175.28322362341 107 92.8080312907696 74.8804799281061 2019-07-08 "Cuenta 2"
"190" "Centro 4" 68 51 591 72.7635841816664 120.06151904352 90 57.8224686672911 55.9423367958516 173 172.930907760747 248.42564156279 164 191.542283538729 143.442738242447 33 171.467071259394 190.674516418949 165 174.267396563664 196.150359604508 2019-07-09 "Cuenta 4"
"191" "Centro 5" 42 158 33 144.35804632958 174.256834900007 68 79.3994156178087 31.7082061897963 52 265.066884923726 156.053239665926 53 182.532073650509 92.6203311886638 169 73.8532504998147 170.844248123467 169 195.459933253005 140.795153612271 2019-07-10 "Cuenta 5"
"192" "Centro 2" 99 114 530 47.991303820163 161.640998115763 54 57.1395073551685 21.8881768640131 33 131.398862600327 371.474291756749 185 76.3561554253101 91.0265501588583 90 67.1043703798205 82.8488267958164 119 121.120562544093 65.6475372146815 2019-07-11 "Cuenta 5"
"193" "Centro 5" 175 219 571 158.078426029533 23.3998870011419 4 87.3402161290869 95.3525114338845 134 85.831189295277 132.363789342344 78 61.4798319991678 196.440074685961 164 93.9856128767133 165.429919073358 52 141.931032249704 176.789014972746 2019-07-12 "Cuenta 4"
"194" "Centro 5" 81 130 38 229.807635233738 47.6833762135357 196 7.87380805704743 52.6945665013045 9 209.97244308237 198.081990331411 159 5.64745073206723 188.017852883786 24 64.7582337260246 180.675751296803 20 29.7762599308044 197.300419211388 2019-07-13 "Cuenta 5"
"195" "Centro 1" 171 416 45 85.776413208805 43.8567838165909 106 45.0080800335854 89.5636728731915 180 81.1026646988466 106.626199558377 125 106.472946470603 45.6632978282869 124 111.383897904307 128.084065578878 48 26.7722631338984 103.167530847713 2019-07-14 "Cuenta 5"
"196" "Centro 3" 163 360 569 23.0706750880927 41.1804555915296 79 37.2652552323416 73.9354416029528 103 152.018035738729 280.121487285942 29 187.097043171525 58.7409262079746 43 111.465568374842 108.585053449497 121 114.308894425631 13.7201530858874 2019-07-15 "Cuenta 4"
"197" "Centro 2" 71 79 293 164.043385628611 130.368527909741 54 92.3500719713047 62.3367022490129 80 43.3463451219723 106.427377648652 126 83.1661209464073 51.5766954980791 187 196.370110055432 109.974272781983 107 159.108995925635 52.462484780699 2019-07-16 "Cuenta 3"
"198" "Centro 4" 48 259 291 277.137462515384 59.3259856104851 94 63.1623239489272 60.7086275937036 140 4.07704648096114 188.57300132513 55 4.71774996258318 30.9433398768306 60 109.353160997853 60.7105672825128 130 144.582403218374 189.534745784476 2019-07-17 "Cuenta 1"
"199" "Centro 5" 139 6 568 78.6056095501408 114.930974459276 157 30.9231939958408 49.4333946611732 41 65.9563334891573 286.539951898158 161 161.600336665288 123.457096749917 122 175.874474924058 3.60184172168374 27 112.546002445742 146.09014573507 2019-07-18 "Cuenta 4"
"200" "Centro 4" 157 367 533 79.4170068344101 162.877030204982 98 58.670884440653 17.3005545279011 0 138.050486356951 153.958277031779 101 24.1152252070606 20.4166854266077 94 139.688089583069 81.4296911936253 186 42.5048545002937 129.922195244581 2019-07-19 "Cuenta 3"
"201" "Centro 5" 20 112 495 239.669198985212 149.965449562296 124 95.0499008409679 95.3394822776318 74 102.962902933359 109.678268898278 57 163.84069910273 79.2848406359553 105 82.760314643383 195.170628698543 100 16.9689831789583 197.3142627161 2019-07-20 "Cuenta 1"
"202" "Centro 3" 2 258 449 299.883623560891 40.5265671666712 188 76.7200590111315 84.6086611971259 29 262.363878171891 221.161433123052 1 191.060122940689 134.835733752698 49 22.0308455172926 173.469553003088 134 161.616293899715 16.5346730034798 2019-07-21 "Cuenta 5"
"203" "Centro 4" 114 352 463 53.2836624188349 55.6185922119766 141 72.5561105879024 9.70684897620231 8 169.801811152138 190.552573744208 190 42.0713881030679 124.149004137143 159 102.749566826969 172.380976332352 31 181.13005021587 160.696445591748 2019-07-22 "Cuenta 5"
"204" "Centro 2" 188 404 374 57.7023459831253 138.465689588338 22 42.5104266265407 35.7879949267954 121 137.95454360079 287.501438520849 63 155.388209084049 134.533757390454 63 142.140648979694 169.37978444621 26 186.708981823176 141.910404944792 2019-07-23 "Cuenta 3"
"205" "Centro 2" 136 416 551 255.793417221867 43.3980002999306 132 95.5116742290556 63.3515768451616 145 69.4467977620661 263.217984233052 151 168.515532976016 93.1910404935479 165 125.939033273607 155.882703745738 111 98.0162785388529 163.097536424175 2019-07-24 "Cuenta 4"
"206" "Centro 1" 101 303 558 259.31089874357 195.569910341874 120 97.9224733775482 22.3523291759193 42 285.281390813179 381.649783719331 177 56.9452261552215 173.864967888221 22 25.1146903727204 185.834873234853 181 177.433410380036 194.596464140341 2019-07-25 "Cuenta 3"
"207" "Centro 5" 132 88 204 76.3950400985777 18.1861026678234 84 19.6549950633198 74.2156601278111 119 158.912662742659 368.491518031806 165 96.0819814819843 10.018687043339 132 111.547907115892 152.718361420557 111 8.4701587446034 23.7630614545196 2019-07-26 "Cuenta 3"
"208" "Centro 3" 131 490 233 29.6213270863518 3.16364713944495 164 90.9625970060006 38.7714413460344 149 4.22674189321697 114.380967058241 122 9.24408216960728 97.4490812979639 47 152.470697788522 181.104694399983 178 147.480871807784 123.0209547095 2019-07-27 "Cuenta 1"
"209" "Centro 5" 141 36 10 100.163929956034 22.633109241724 18 37.2537679737434 79.1295531671494 119 11.2666254630312 175.969587359577 72 115.060702338815 152.766660694033 88 61.8340527173132 110.09888225235 133 164.121677819639 53.7685407325625 2019-07-28 "Cuenta 3"
"210" "Centro 3" 174 285 534 156.550951651298 120.331047102809 116 17.5884781172499 50.2404217375442 110 229.944917955436 258.218678832054 89 16.0810697823763 173.782279063016 22 167.371237603948 128.994526062161 129 10.96052643843 56.6581286024302 2019-07-29 "Cuenta 2"
"211" "Centro 1" 89 366 566 48.573093325831 85.4641288518906 164 42.3663429450244 7.50941366422921 43 245.889174565673 20.8957907743752 120 101.530442060903 42.9501383099705 66 49.5161370839924 88.1264160387218 173 124.828783795238 137.657921062782 2019-07-30 "Cuenta 4"
"212" "Centro 2" 144 291 487 178.466786141507 0.719247432425618 27 9.2831902904436 97.2458723001182 157 122.56414485164 262.109436374158 91 93.6627380549908 105.066187586635 3 154.279759386554 29.1547264903784 161 1.00863287225366 93.2946555782109 2019-07-31 "Cuenta 3"
"213" "Centro 1" 42 19 47 102.982754912227 126.796290371567 61 96.8846474308521 23.5198695212603 120 81.7539595300332 276.562999747694 46 68.9156120177358 10.8699164818972 15 175.749701634049 126.047686766833 117 163.88088115491 115.453451266512 2019-08-01 "Cuenta 2"
"214" "Centro 5" 58 365 357 259.320840099826 2.83971163444221 184 27.8697134228423 91.9866572134197 106 20.6226565875113 399.371191766113 105 189.071001578122 155.680456990376 145 186.645026598126 131.246697483584 117 77.7940402273089 128.26657705009 2019-08-02 "Cuenta 5"
"215" "Centro 1" 20 89 447 101.72712423373 104.702053125948 111 79.6532124979421 15.2252236381173 195 101.008027698845 249.070364423096 109 139.922544360161 131.203744234517 107 172.937515797094 72.5380395073444 6 28.8594884332269 156.385471997783 2019-08-03 "Cuenta 2"
"216" "Centro 5" 21 320 122 127.28846760001 26.6688741743565 199 8.86181760579348 80.3474408341572 31 267.001035413705 13.1331927143037 71 53.2116426154971 153.409574506804 162 181.41803261824 187.79318779707 144 141.517102438956 187.585643073544 2019-08-04 "Cuenta 3"
"217" "Centro 3" 32 416 515 270.418206998147 93.4356762561947 37 25.9992847917601 62.2180406935513 180 182.322813849896 191.312443930656 58 198.964256374165 129.290604358539 91 52.9627978801727 159.884582553059 36 156.694006780162 73.8574297167361 2019-08-05 "Cuenta 4"
"218" "Centro 5" 26 51 513 28.8780053146183 121.272818045691 41 45.4794100252911 58.8283577002585 198 31.8307186709717 352.306505478919 3 175.041344156489 155.651623010635 169 60.2062229067087 79.0114488918334 184 11.2307818606496 3.00014037638903 2019-08-06 "Cuenta 1"
"219" "Centro 3" 146 181 496 37.7370444126427 49.211490759626 191 69.295708136633 97.9355946881697 195 85.2957784663886 320.641154516488 1 161.227837158367 113.811719091609 148 193.791889678687 194.688758859411 143 28.1085785478354 13.794413395226 2019-08-07 "Cuenta 1"
"220" "Centro 2" 18 164 335 241.731191799045 147.193979518488 118 39.3886840436608 96.2203083792701 34 105.407955148257 9.87614383921027 35 110.79200017266 73.1388588901609 78 198.338132165372 165.559606999159 188 95.9462313912809 123.128879163414 2019-08-08 "Cuenta 4"
"221" "Centro 4" 61 184 37 297.904238803312 37.9455713089556 16 45.5697099911049 19.514833483845 85 149.999254080467 258.686037641019 12 54.4229118153453 47.9371910914779 119 172.462564567104 142.613616911694 157 2.7078555431217 172.91524107568 2019-08-09 "Cuenta 4"
"222" "Centro 4" 166 79 232 41.4157315855846 13.6659792158753 193 35.7339973328635 43.156715692021 91 226.02779448498 93.6973830685019 95 124.346701847389 41.2878628820181 22 143.869422143325 145.375858526677 177 98.6734556499869 64.5861596800387 2019-08-10 "Cuenta 2"
"223" "Centro 5" 197 182 395 196.871204604395 187.677918327972 123 11.6955366684124 99.161349539645 101 166.695558233187 20.7702716812491 112 126.742156362161 110.164817236364 70 132.202872587368 55.7165660895407 159 120.458521228284 148.852298362181 2019-08-11 "Cuenta 4"
"224" "Centro 5" 65 310 218 239.12290725857 150.738203525543 99 64.1821931581944 10.1287364028394 14 164.653081353754 371.909028943628 191 61.468444019556 65.5151793267578 42 51.0288515128195 91.1081324797124 185 85.9289529267699 18.1343698408455 2019-08-12 "Cuenta 2"
"225" "Centro 1" 134 83 202 37.1478870045394 155.967168183997 128 85.7639748137444 99.3011466227472 130 62.0263200486079 35.7677392661572 52 109.931072825566 141.628593811765 125 56.3269779551774 184.89437229 169 166.772976424545 150.57103340514 2019-08-13 "Cuenta 3"
"226" "Centro 5" 43 384 237 89.3063846742734 177.963459864259 139 67.6841916982085 48.074343893677 136 103.232870972715 315.095801092684 26 192.38758678548 194.562771450728 66 27.6442608330399 190.514961769804 44 5.51841901615262 179.473055992275 2019-08-14 "Cuenta 3"
"227" "Centro 3" 31 346 551 95.6845573615283 33.195761218667 92 91.4865873521194 99.8412500601262 84 271.274001058191 25.6369288079441 137 177.71467785351 27.3282360751182 149 109.900305094197 91.3214570377022 151 127.036485355347 11.134833516553 2019-08-15 "Cuenta 4"
"228" "Centro 5" 120 200 335 117.420437838882 69.2729838658124 180 83.0891099059954 78.1399152707309 77 229.253674065694 15.4973779805005 65 108.012366481125 42.1490986365825 145 154.645286034793 105.20921102725 146 179.701769445091 67.5714373122901 2019-08-16 "Cuenta 4"
"229" "Centro 5" 77 355 357 28.7833985639736 148.485216172412 110 66.4225812535733 96.5832415735349 78 3.53197830263525 13.9583834446967 142 146.974390372634 55.9016339480877 40 11.1139954533428 162.863450776786 170 94.3391098640859 172.484202310443 2019-08-17 "Cuenta 5"
"230" "Centro 1" 194 454 580 70.1416218420491 173.062404058874 46 90.8097323030233 8.15414572134614 43 39.7880985634401 194.406138639897 24 133.019020361826 147.038945369422 0 170.273138722405 190.719455992803 58 10.9108959324658 167.577799130231 2019-08-18 "Cuenta 4"
"231" "Centro 4" 31 244 237 67.2324290731922 74.5730665512383 128 39.526446419768 19.3945058854297 200 158.939389279112 158.225186355412 55 176.792630599812 129.590898891911 119 76.7009429167956 123.938845703378 13 116.508055338636 146.395915467292 2019-08-19 "Cuenta 1"
"232" "Centro 5" 31 153 593 293.132011522539 5.27106923982501 51 50.609621591866 16.3042058702558 153 298.978182300925 179.09525660798 54 165.114602493122 82.9601184930652 170 58.0624927766621 145.104276901111 52 22.9566264431924 88.263238966465 2019-08-20 "Cuenta 2"
"233" "Centro 5" 191 154 523 160.39605976548 102.450458006933 7 24.4975661626086 73.2020839117467 144 70.9477839292958 354.179928358644 183 182.751258648932 9.55278105102479 117 113.988819904625 176.230338355526 140 92.9381479509175 153.100406052545 2019-08-21 "Cuenta 1"
"234" "Centro 2" 154 217 174 288.728065090254 37.9665191285312 156 99.6651462512091 8.54724168311805 124 291.862995573319 184.374043624848 114 164.221019670367 93.6395578552037 64 188.73875271529 170.569432666525 114 65.9199436195195 185.866290703416 2019-08-22 "Cuenta 5"
"235" "Centro 5" 200 402 472 130.272170528769 51.5215133782476 157 88.2113268831745 60.1856118068099 95 146.327896881849 163.338086009026 30 2.01132991351187 116.23579938896 116 32.9175948631018 135.863305442035 52 179.04485380277 71.8229700811207 2019-08-23 "Cuenta 4"
"236" "Centro 4" 173 68 65 76.673226384446 12.913778796792 142 98.5789989354089 55.7064667576924 21 101.227441127412 314.320438914001 136 118.386826617643 161.751280957833 92 97.1788266673684 149.094696622342 65 89.8710635956377 121.412494685501 2019-08-24 "Cuenta 3"
"237" "Centro 3" 26 353 169 59.9937431048602 109.475535899401 45 83.1810999661684 18.5778670944273 68 147.052567731589 349.813571944833 63 192.448905808851 128.323708241805 73 181.805971078575 139.350560959429 118 136.156984930858 150.112679367885 2019-08-25 "Cuenta 5"
"238" "Centro 5" 18 406 465 197.683608555235 126.30241359584 102 92.9714532569051 72.2712541697547 93 295.661615626886 30.3220427595079 146 60.6102611869574 27.4860641919076 146 172.517020115629 116.135178506374 13 156.023464165628 78.9778925478458 2019-08-26 "Cuenta 2"
"239" "Centro 5" 108 83 479 68.360111117363 184.81304035522 91 91.6616162983701 67.1224949648604 199 141.557081183419 216.550282761455 28 83.1442364957184 100.37720897235 85 16.3779457565397 184.880563616753 139 66.6175086516887 162.831211416051 2019-08-27 "Cuenta 2"
"240" "Centro 2" 127 137 64 244.137490913272 143.221295904368 73 28.659312822856 87.6873117173091 168 73.5019287094474 158.485247567296 4 20.2751279808581 39.2605679575354 122 61.1930735874921 75.4427417181432 60 5.82173420116305 70.75379290618 2019-08-28 "Cuenta 5"
"241" "Centro 5" 183 287 224 24.7851718682796 66.5658306796104 25 19.7448942810297 8.19499271456152 88 65.7910735812038 45.624615997076 176 55.2733993623406 63.7074425816536 84 155.101498262957 6.87188720330596 142 163.599129579961 106.226591486484 2019-08-29 "Cuenta 4"
"242" "Centro 2" 197 299 457 150.927291973494 129.986924910918 199 31.1137914657593 17.5626103533432 4 291.948824375868 220.424970053136 158 65.4135284479707 20.9376059938222 156 71.7918185517192 157.094469573349 40 121.984986355528 190.962064359337 2019-08-30 "Cuenta 3"
"243" "Centro 2" 149 398 389 7.98547491431236 153.030865779147 181 14.2791089834645 41.7477269656956 168 181.654225615785 248.569619841874 103 52.8917953837663 62.4925452750176 27 34.4777911901474 0.771214766427875 50 90.7635700888932 158.250064402819 2019-08-31 "Cuenta 1"
"244" "Centro 2" 159 77 420 37.4504829989746 104.301732219756 59 41.6494133416563 61.9010309921578 176 230.006972257979 395.081666018814 15 25.3381973598152 148.142115445808 6 111.078992206603 71.0438271984458 172 127.071458147839 198.141483822837 2019-09-01 "Cuenta 4"
"245" "Centro 5" 125 104 344 172.834890615195 145.489280438051 45 17.1322139445692 92.3257745336741 112 41.1338827572763 259.466676134616 119 8.19326182827353 110.665783332661 183 110.656916676089 78.4033416770399 45 78.8543374277651 51.3683124445379 2019-09-02 "Cuenta 4"
"246" "Centro 4" 47 446 230 96.1388534400612 177.469774149358 77 25.6622718414292 62.6093602739275 152 136.139108450152 355.041009001434 179 40.3834662400186 40.9331611357629 95 189.62055016309 26.1752422433347 175 49.2191032506526 139.806014578789 2019-09-03 "Cuenta 4"
"247" "Centro 3" 132 92 470 286.899749119766 148.993402300403 29 29.0653263218701 85.2166202384979 110 110.814664210193 271.514172572643 132 136.29179331474 123.05093719624 7 21.4544232469052 134.84166408889 154 188.372886599973 185.439427057281 2019-09-04 "Cuenta 5"
"248" "Centro 4" 164 86 92 83.494301349856 56.467111222446 160 52.185142505914 2.70416459534317 24 194.483060622588 114.4869543612 124 159.559400659055 45.1681133359671 193 10.6274047400802 88.1033925805241 66 33.8132773526013 142.607062496245 2019-09-05 "Cuenta 3"
"249" "Centro 4" 138 125 222 115.19435599912 88.5083385743201 42 99.4694719323888 9.96731945779175 118 132.70343800541 132.744953315705 21 53.8321359548718 59.0931320097297 43 186.367870867252 47.8083346504718 72 29.4973489362746 14.2042472958565 2019-09-06 "Cuenta 2"
"250" "Centro 3" 176 172 101 103.382342518307 154.691747203469 15 96.0237828548998 77.4394588777795 145 193.829731084406 273.820231854916 141 23.1757980305701 25.4003454465419 195 45.8667364437133 38.7077488005161 199 84.8754342645407 32.1092146448791 2019-09-07 "Cuenta 4"
"251" "Centro 5" 193 468 236 245.667760726064 191.92211185582 29 97.0499391900375 5.10921515524387 91 287.240467476659 261.183000728488 16 65.7014097552747 58.5275863297284 112 13.3273337967694 9.76972999051213 136 52.4270460009575 46.5478578116745 2019-09-08 "Cuenta 2"
"252" "Centro 5" 0 305 384 206.737629999407 104.587165685371 36 89.4336358876899 71.5395441511646 153 181.351603846997 323.084275331348 61 36.8599485605955 11.2137325573713 12 72.4944530054927 167.247746046633 140 47.3098122514784 58.8609931524843 2019-09-09 "Cuenta 4"
"253" "Centro 4" 187 177 532 274.233631161042 29.9340113066137 188 24.5088021736592 76.9513819366693 109 261.88928259071 39.3097940832376 21 163.765211962163 91.3567448966205 55 130.809060903266 156.72194538638 196 75.5228110123426 148.012274829671 2019-09-10 "Cuenta 4"
"254" "Centro 1" 9 306 410 222.330303071067 72.2672901581973 191 62.7379512414336 11.1451845150441 146 140.531865460798 275.724767241627 152 156.307854037732 21.6575640719384 53 81.9809501059353 66.57839929685 131 118.84417408146 40.6850073486567 2019-09-11 "Cuenta 2"
"255" "Centro 4" 123 475 123 36.1385272582993 10.7563447672874 171 10.6517083011568 61.2378482241184 36 6.42897337675095 294.216073770076 185 87.9158512223512 18.1347587611526 51 147.247563675046 24.3740747217089 139 5.51812290214002 192.032890068367 2019-09-12 "Cuenta 4"
"256" "Centro 4" 200 220 594 37.8502191742882 105.620879400522 118 78.1957752536982 22.5726402131841 188 69.5139964576811 200.087966304272 75 188.2548074238 157.166267698631 23 21.4991835411638 6.6895495634526 170 195.695456909016 76.9781476818025 2019-09-13 "Cuenta 4"
"257" "Centro 3" 195 89 534 246.500260289758 151.096181571484 159 76.783888344653 66.8915536720306 170 158.386432402767 381.274195201695 9 23.3301450032741 29.6873417682946 105 145.051273563877 69.9268044903874 75 25.2133178059012 81.9382958579808 2019-09-14 "Cuenta 2"
"258" "Centro 1" 117 361 226 31.7823041696101 43.301686970517 87 29.0469320490956 13.2741704815999 142 244.715713500045 193.933585006744 127 143.109604297206 94.3654902279377 142 53.7131675519049 174.622600479051 44 78.5911694634706 6.55866023153067 2019-09-15 "Cuenta 1"
"259" "Centro 1" 86 237 442 293.004061910324 48.5832478385419 80 30.2115797065198 61.993845179677 170 292.590917693451 393.752032984048 8 68.1000114418566 128.451123600826 13 197.752410871908 196.930210199207 84 184.848846169189 30.7963984552771 2019-09-16 "Cuenta 5"
"260" "Centro 4" 125 155 234 252.364877890795 44.4673659279943 85 70.75615755748 82.7976374421269 188 105.105257243849 5.64098693430424 42 77.3372505325824 30.6532543618232 135 136.941663455218 22.3073654808104 188 49.6841454412788 158.299931418151 2019-09-17 "Cuenta 3"
"261" "Centro 5" 143 158 35 59.8790918011218 77.9575810302049 6 21.8438420677558 35.6595780467615 153 247.423892025836 185.786567255855 22 79.6792004257441 4.20416430570185 47 140.643927082419 129.655836429447 183 61.6069884970784 107.200532360002 2019-09-18 "Cuenta 5"
"262" "Centro 5" 149 334 552 184.516913210973 3.2235752325505 167 2.02344213612378 47.9518092004582 53 141.793506173417 53.1728887930512 169 168.599334685132 75.3267697524279 169 179.752085218206 84.5415041316301 94 104.327176697552 150.533493747935 2019-09-19 "Cuenta 2"
"263" "Centro 3" 136 391 298 286.728999344632 183.281995495781 94 43.3594756294042 79.6181590296328 21 93.3628348633647 175.142618175596 146 149.425220116973 150.848091579974 167 90.2731799986213 156.405302649364 122 93.8997548539191 174.517215322703 2019-09-20 "Cuenta 1"
"264" "Centro 1" 183 361 236 119.072321313433 22.9722903110087 173 29.9019741127267 31.3085230765864 177 179.881822247989 324.325916450471 155 148.180996254086 173.521754285321 85 183.87773418799 43.7667951453477 102 94.1563795786351 122.206887416542 2019-09-21 "Cuenta 2"
"265" "Centro 1" 14 439 545 128.031979501247 79.4500859919935 39 56.4485638868064 1.95005650166422 35 182.061207527295 370.017228089273 124 74.489780375734 14.905573381111 9 190.618212241679 52.3256012704223 104 88.9658269006759 157.940040389076 2019-09-22 "Cuenta 3"
"266" "Centro 2" 189 315 240 96.9487193506211 42.2014065552503 170 22.8740345453843 26.5203045448288 115 272.22638160456 119.505197927356 161 158.233980787918 170.13866151683 149 10.194960096851 105.774156376719 20 79.6485831029713 103.201759187505 2019-09-23 "Cuenta 2"
"267" "Centro 5" 110 177 204 50.9237651713192 20.0016688555479 85 99.0476538194343 65.6354823149741 36 154.630216606893 179.339163936675 190 112.247699126601 149.7210518457 139 171.259982744232 83.6147082969546 92 49.9854273162782 113.850970426574 2019-09-24 "Cuenta 5"
"268" "Centro 1" 80 207 343 45.9436523728073 141.735090268776 148 94.8891520965844 13.932470860891 144 51.1338151060045 350.789102446288 88 179.445973271504 81.5158805344254 66 65.4061570297927 107.834299001843 135 196.655819006264 82.234387146309 2019-09-25 "Cuenta 5"
"269" "Centro 5" 190 444 534 282.660384080373 147.609916562214 93 33.6080210050568 43.1391311809421 3 154.076627106406 98.1049750931561 108 18.8870943151414 112.9981841892 189 34.5822889823467 30.1722563803196 124 162.466079881415 76.7718632239848 2019-09-26 "Cuenta 4"
"270" "Centro 5" 200 378 185 7.0644493913278 178.353075822815 68 7.08173473831266 57.941560796462 128 285.414773854427 226.822671107948 20 81.2845626845956 2.91952160187066 185 180.512378597632 29.6694134362042 121 173.101519281045 39.7694145329297 2019-09-27 "Cuenta 5"
"271" "Centro 1" 6 232 387 63.5334841674194 78.7729072384536 151 5.89919600170106 43.44173357822 141 258.096358529292 132.607123069465 120 173.60889702104 168.629737524316 198 93.2681177742779 176.35967717506 98 55.0091412384063 139.243652299047 2019-09-28 "Cuenta 2"
"272" "Centro 1" 116 163 86 68.4223503107205 29.3140888679773 114 54.1355200111866 86.2944660242647 194 117.016637767665 25.0955315306783 74 199.543330864981 10.966017190367 115 101.887739868835 1.89407845027745 24 68.7296316958964 170.094427233562 2019-09-29 "Cuenta 3"
"273" "Centro 5" 49 448 547 32.3792124632746 113.947931071743 125 75.6292710080743 23.6365123884752 176 213.562009390444 181.167146470398 128 166.824574582279 199.247957998887 120 106.918654870242 99.9084973707795 89 5.61728160828352 2.01408825814724 2019-09-30 "Cuenta 3"
"274" "Centro 1" 116 272 372 243.566448334605 52.3065941408277 85 62.4419351341203 74.363182275556 79 103.183522936888 182.725120615214 120 84.2314868699759 90.666189044714 171 51.2262128759176 154.577007610351 152 67.1564036980271 152.30865329504 2019-10-01 "Cuenta 5"
"275" "Centro 1" 16 453 256 295.795220858417 139.956680499017 157 29.0868571260944 41.388679551892 136 137.722474266775 265.085469093174 199 165.48311598599 33.0875306855887 24 133.279677480459 49.9306248035282 37 171.123036788777 134.089914476499 2019-10-02 "Cuenta 5"
"276" "Centro 4" 101 136 317 182.292103115469 51.7676390241832 129 17.3942840192467 13.7065406888723 72 227.080394793302 194.763644691557 171 122.562955878675 7.47599056921899 137 120.505741611123 150.362210441381 121 24.7561825904995 187.226014211774 2019-10-03 "Cuenta 2"
"277" "Centro 4" 34 247 474 237.34067324549 191.409136774018 159 32.5079793576151 67.9698524996638 166 180.549555458128 216.34125476703 66 64.3155078869313 54.1475391481072 169 174.235027050599 176.948417210951 183 140.839547291398 24.0719022229314 2019-10-04 "Cuenta 1"
"278" "Centro 1" 125 427 478 173.235285049304 165.926166204736 88 1.27352708950639 44.263503048569 14 186.928821494803 389.508047420532 5 114.877422433347 198.906483640894 194 196.419293293729 88.8172247447073 37 68.1821636855602 120.6702593714 2019-10-05 "Cuenta 4"
"279" "Centro 5" 9 183 155 172.049103118479 155.52273481153 103 2.33830518554896 27.4194085970521 79 257.370693585835 219.082992896438 61 24.5452055241913 29.2619034647942 24 115.43209287338 74.9904932454228 110 154.307723883539 14.2964959144592 2019-10-06 "Cuenta 3"
"280" "Centro 4" 149 51 322 263.123212871142 145.583706488833 71 33.8459589518607 97.9533327044919 7 130.694413371384 338.963519968092 27 120.324278995395 154.272293671966 190 36.7719862610102 119.656006898731 156 8.45235488377512 5.6767154019326 2019-10-07 "Cuenta 3"
"281" "Centro 4" 175 247 490 21.7282525263727 48.1874483637512 5 20.0469449395314 80.1734534790739 14 255.190932448022 98.8735198043287 29 150.603405339643 12.4401982873678 92 165.966582391411 60.1803612429649 17 9.48942364193499 173.401903780177 2019-10-08 "Cuenta 1"
"282" "Centro 5" 45 260 63 172.54258103203 196.959756175056 187 71.6619403334334 28.8173052947968 47 122.108468413353 294.194146431983 53 61.2931387033314 60.823380574584 24 15.4131874907762 174.996531242505 163 120.031425915658 156.350440904498 2019-10-09 "Cuenta 5"
"283" "Centro 5" 9 252 62 200.575643009506 195.628091879189 17 85.8208836289123 3.3540717093274 166 286.123805819079 200.180261395872 10 180.27555742301 98.6871619708836 148 16.9087011832744 198.045420832932 154 40.1989806909114 52.6267502922565 2019-10-10 "Cuenta 2"
"284" "Centro 2" 143 357 260 114.791599893942 67.9935685358942 61 12.8471752628684 64.3518754048273 46 16.8437988264486 176.941916253418 46 152.159923501313 112.047816207632 105 79.9896237906069 29.0308204945177 135 176.374771911651 139.81392881833 2019-10-11 "Cuenta 1"
"285" "Centro 2" 23 62 299 110.828110668808 44.3636311218143 141 69.7072663810104 28.3170767594129 1 274.91827562917 57.8643788583577 180 157.705845683813 60.9176936093718 1 146.607653284445 168.088578805327 6 97.6886780466884 145.963340532035 2019-10-12 "Cuenta 3"
"286" "Centro 2" 11 222 322 226.982095534913 61.2836312036961 127 87.4641288770363 49.3358340580016 13 137.188104749657 164.012457150966 139 72.9777042753994 186.617558728904 57 156.664141081274 105.905496282503 35 100.000513438135 33.0420549493283 2019-10-13 "Cuenta 3"
"287" "Centro 4" 18 275 137 199.197236378677 65.9928818233311 21 11.8666804395616 8.89129713177681 90 127.675356832333 256.361838243902 126 66.2153418641537 183.972288155928 40 148.076314479113 199.864154309034 136 37.8064523916692 78.0230215750635 2019-10-14 "Cuenta 2"
"288" "Centro 4" 82 109 50 179.601897206157 194.692783616483 177 70.378345483914 6.76599964499474 104 152.921706391498 238.630148768425 74 48.0241675395519 163.678808603436 180 0.852729193866253 109.168843412772 56 32.1134774480015 158.56534447521 2019-10-15 "Cuenta 3"
"289" "Centro 4" 52 298 419 47.5612333975732 31.2161269132048 144 21.6551215853542 55.1277925726026 113 20.2039148658514 96.5278591960669 101 161.244190018624 69.9334890581667 175 191.012377431616 186.331600369886 9 102.038068929687 134.109406452626 2019-10-16 "Cuenta 3"
"290" "Centro 5" 5 272 484 237.898271181621 103.465674351901 44 43.1990569457412 8.25246525928378 59 223.639709246345 203.681776300073 7 20.6833632662892 168.199930712581 191 27.1270784549415 100.58043054305 24 165.041695348918 106.228117411956 2019-10-17 "Cuenta 5"
"291" "Centro 5" 111 292 569 60.1327454438433 190.072154533118 96 84.878392633982 83.6428937735036 195 102.21990889404 70.0069760903716 3 22.6298014633358 94.212732790038 93 96.3106131181121 71.4455036446452 76 74.2534324526787 0.0861552078276873 2019-10-18 "Cuenta 3"
"292" "Centro 4" 161 359 528 254.104913910851 119.65499939397 170 45.0325717916712 37.84180409275 160 279.763280740008 394.972882047296 82 29.4533093459904 100.491707166657 175 109.319257829338 23.1119222939014 183 53.3244899474084 150.08073640056 2019-10-19 "Cuenta 1"
"293" "Centro 3" 157 494 464 134.151903167367 194.897956261411 63 96.3888998841867 90.2351213386282 31 247.471899515949 200.166271533817 200 36.2537505105138 129.11046105437 50 50.3568133339286 93.0598225444555 137 98.8570047542453 124.785032356158 2019-10-20 "Cuenta 2"
"294" "Centro 3" 73 77 147 100.594554282725 8.14836020581424 46 23.5191895393655 51.4863018179312 18 98.7669051624835 38.7891721911728 79 174.274237733334 121.865081554279 159 38.12270546332 86.1167611554265 161 113.762879837304 36.0701011493802 2019-10-21 "Cuenta 3"
"295" "Centro 1" 64 409 197 80.1678261486813 8.98739076219499 166 10.195603268221 63.1245904834941 116 259.744792152196 354.021302890033 185 21.5943736489862 22.9187693446875 183 67.540466831997 154.670986440033 108 10.8532735146582 89.5711848046631 2019-10-22 "Cuenta 1"
"296" "Centro 3" 22 238 559 44.9218392837793 106.851994805038 165 12.978876545094 51.4756534481421 56 290.428261575289 15.6763353385031 66 173.363114800304 137.758191814646 54 102.953251078725 80.3807062562555 111 1.02947223931551 152.398675400764 2019-10-23 "Cuenta 2"
"297" "Centro 4" 113 312 30 158.598074968904 145.225152140483 1 39.1879688948393 70.4397463239729 131 206.193922413513 322.371541894972 198 22.1064547542483 1.62486135959625 141 145.206173835322 162.13102042675 57 136.559632094577 27.313445834443 2019-10-24 "Cuenta 4"
"298" "Centro 5" 49 97 403 202.594442828558 1.08670727349818 95 25.076349126175 10.6936817290261 72 216.617316263728 296.532234083861 37 160.095176799223 45.0268347281963 52 176.581657165661 144.555415771902 82 39.9946428835392 162.416746327654 2019-10-25 "Cuenta 2"
"299" "Centro 2" 98 234 199 165.417420677841 112.252866011113 147 46.601930516772 15.3089767089114 136 258.455079048872 17.062309384346 191 29.9392944667488 185.875010630116 81 26.3518503401428 194.570447877049 83 199.497743183747 98.5062095336616 2019-10-26 "Cuenta 5"
"300" "Centro 1" 139 386 237 120.088551705703 110.020697489381 137 60.1144453976303 60.0266469409689 18 116.161155584268 118.734481744468 150 23.2377177104354 127.038765139878 186 42.3517451621592 44.0610921476036 99 54.9045890104026 85.8247834723443 2019-10-27 "Cuenta 3"
"301" "Centro 1" 184 48 224 152.439620601945 114.795443834737 157 47.2779171541333 98.8570981891826 84 69.3340894533321 280.009337794036 107 181.073783570901 90.6462269369513 103 89.6508642472327 135.6171971187 34 88.8317957520485 46.1114532314241 2019-10-28 "Cuenta 4"
"302" "Centro 5" 146 240 207 273.673820891418 71.437722351402 79 40.092806215398 88.5621287627146 119 229.022267390974 189.759545400739 191 47.1794757992029 122.043490689248 160 12.7887152601033 1.69594353064895 177 147.576117375866 61.0016366001219 2019-10-29 "Cuenta 1"
"303" "Centro 1" 111 233 245 63.7920699315146 105.875237705186 80 56.498919823207 83.648133603856 59 247.310687927529 335.815641283989 64 126.034396281466 182.354069873691 174 47.1947170328349 130.39000085555 175 130.50497234799 128.285860549659 2019-10-30 "Cuenta 5"
"304" "Centro 1" 177 404 31 182.877213810571 146.466094488278 150 25.9254861855879 19.7082764701918 44 92.834759876132 366.527094505727 98 74.5859510730952 45.6487052608281 66 125.15753689222 120.975833758712 56 193.376035615802 101.90047272481 2019-10-31 "Cuenta 5"
"305" "Centro 5" 87 482 278 93.5008938191459 90.9650995396078 34 2.82648021820933 31.8176639731973 101 60.9187765046954 64.6840100176632 140 46.1142947431654 138.587490608916 132 190.538530983031 164.742572885007 89 136.100807180628 145.687191607431 2019-11-01 "Cuenta 2"
"306" "Centro 3" 86 303 96 188.8312747702 192.57903015241 2 90.1599966455251 14.816005085595 194 168.681963603012 348.552501481026 35 62.7372787799686 175.733583653346 194 65.8172115683556 85.2387900929898 69 46.8660385347903 95.0838373042643 2019-11-02 "Cuenta 1"
"307" "Centro 4" 190 163 384 132.63571432326 151.62862893194 45 65.2278230991215 83.6637758417055 41 270.254114340059 351.368936896324 84 139.968435512856 35.9560349490494 49 156.207769038156 76.9292204640806 49 149.04054235667 151.297567272559 2019-11-03 "Cuenta 4"
"308" "Centro 2" 175 420 118 148.013353790157 29.8788905609399 144 16.9128446374089 18.9978135749698 176 31.7089142510667 276.51389259845 154 41.511795623228 75.1200220547616 102 54.0377608966082 198.687293939292 16 138.982491521165 179.625215893611 2019-11-04 "Cuenta 3"
"309" "Centro 3" 39 136 546 81.1539295362309 51.4474372845143 171 75.7068220758811 98.0416207574308 82 221.871545375325 275.151117239147 98 107.477104477584 91.0770915448666 31 64.5491185598075 61.8917899671942 180 167.279869830236 194.927397929132 2019-11-05 "Cuenta 1"
"310" "Centro 5" 97 370 139 16.6446755407378 100.683474913239 146 12.6667377538979 85.8030251227319 124 92.8331561386585 239.526886120439 76 43.8804402016103 98.8541381433606 180 191.777821769938 34.3294613994658 100 70.7894437480718 28.5134661477059 2019-11-06 "Cuenta 2"
"311" "Centro 2" 47 165 368 43.5219058999792 148.492904379964 100 35.1247502490878 39.0477969078347 60 175.433626002632 216.377704776824 66 59.1013772413135 7.49117294326425 13 84.0167736168951 88.7815509922802 56 60.4123782832175 150.711515219882 2019-11-07 "Cuenta 5"
"312" "Centro 4" 63 145 60 274.020714545622 166.545237181708 146 79.6027228469029 26.139530306682 92 153.116005542688 248.487619869411 163 111.335005890578 198.886117758229 88 64.2115569673479 63.1319756619632 122 116.930710850284 130.883270828053 2019-11-08 "Cuenta 1"
"313" "Centro 2" 23 292 367 221.169476327486 21.1436796933413 75 69.4020414259285 55.6504270294681 99 106.736335507594 398.279398027807 189 186.650672694668 81.5282849129289 83 188.649181090295 59.1639296617359 58 6.58247964456677 107.631754875183 2019-11-09 "Cuenta 3"
"314" "Centro 4" 142 306 545 56.0045335208997 90.4516652226448 18 50.6578139262274 67.7216162439436 198 168.950039986521 117.684749886394 11 26.2636211235076 77.9803344514221 180 123.899730993435 44.9510430917144 30 81.8940697703511 170.91800882481 2019-11-10 "Cuenta 2"
"315" "Centro 1" 133 447 382 53.842471819371 32.0157616399229 189 67.5300567410886 52.5049656629562 55 158.099685399793 276.701582875103 134 110.962971905246 198.897477146238 98 49.4032436516136 114.084680005908 75 44.8407744988799 4.75853732787073 2019-11-11 "Cuenta 4"
"316" "Centro 5" 5 114 230 173.208110709675 100.434315111488 73 99.6979188872501 12.5805112533271 134 95.1278615277261 40.2039112523198 62 81.9052399601787 58.9898912701756 90 104.784924676642 148.224180098623 165 98.6096345353872 185.325412778184 2019-11-12 "Cuenta 2"
"317" "Centro 2" 183 214 42 182.223691977561 35.6653319206089 129 4.70391686540097 95.0710887787864 150 97.2728966502473 93.275829590857 70 177.003286266699 51.5991632360965 166 76.3579844031483 44.2671432159841 193 28.5530397668481 125.572088547051 2019-11-13 "Cuenta 4"
"318" "Centro 2" 67 318 325 97.8743721032515 24.4164954870939 164 97.8889315389097 34.5254128566012 72 267.553101293743 21.956929937005 196 123.387337382883 112.604160187766 127 10.9973458573222 196.051113540307 174 161.960070114583 82.5268374290317 2019-11-14 "Cuenta 4"
"319" "Centro 3" 2 263 168 27.3467926774174 75.1131949946284 160 3.77985388040543 29.5905948383734 123 130.992414266802 170.945320650935 161 171.700309682637 82.5755630154163 174 23.4421375673264 116.247250651941 41 82.7870928682387 167.794519616291 2019-11-15 "Cuenta 2"
"320" "Centro 1" 10 288 573 112.814565980807 71.3217248208821 65 89.7429513977841 89.3993813544512 16 116.834492096677 245.234570745379 84 57.4292426928878 80.4489948321134 12 45.3822133596987 106.256246846169 52 140.219366084784 122.005221573636 2019-11-16 "Cuenta 2"
"321" "Centro 5" 81 85 479 208.535661874339 170.563477650285 18 52.2883928380907 52.742192754522 4 36.6667659720406 89.6357926540077 125 108.808237919584 51.5498618129641 131 142.247991962358 28.6201668903232 111 0.817411299794912 23.3114338014275 2019-11-17 "Cuenta 4"
"322" "Centro 1" 84 307 56 41.1512792576104 42.4519362859428 193 39.3365250201896 20.2107926132157 70 175.25943943765 212.187935691327 12 105.104893771932 51.9758034031838 26 125.96448790282 95.7620860077441 125 117.124063242227 14.9394674692303 2019-11-18 "Cuenta 5"
"323" "Centro 1" 45 223 188 174.630287429318 24.5181586127728 87 71.2617469253018 60.9115950530395 193 51.5621164580807 268.208314478397 192 3.12382173724473 47.1257871482521 72 36.6100409068167 101.617223303765 26 172.113775135949 44.7576502803713 2019-11-19 "Cuenta 5"
"324" "Centro 3" 123 23 88 123.897587391548 88.5139430407435 118 49.4591955794021 72.2623107722029 50 24.6963499579579 330.519511178136 57 0.721220439299941 57.9061417840421 140 18.6884202528745 153.168311389163 141 43.253971170634 81.7260173149407 2019-11-20 "Cuenta 4"
"325" "Centro 1" 10 100 131 8.26899621170014 179.745555529371 47 26.1570750502869 92.3306134762242 149 187.297684536316 314.512735418975 100 106.841234304011 135.733945993707 144 131.572261825204 130.552073987201 63 142.00498056598 189.715403877199 2019-11-21 "Cuenta 2"
"326" "Centro 2" 193 42 30 207.588507863693 38.661403208971 32 76.6523989383131 70.0034548295662 185 113.69687311817 339.800549764186 175 25.2728669904172 64.0917256940156 183 4.33352091349661 51.2551776133478 67 190.124154929072 85.6578093487769 2019-11-22 "Cuenta 3"
"327" "Centro 4" 136 298 403 120.371494302526 144.972905563191 46 8.27492559328675 14.4700031727552 140 41.3788069272414 59.7964370623231 138 46.7805474530905 25.5621131975204 67 126.899716584012 83.3786397706717 129 58.465015841648 18.5698097106069 2019-11-23 "Cuenta 5"
"328" "Centro 4" 123 381 445 296.909887203947 19.6472811512649 113 42.8018770180643 43.4393553994596 75 287.457988341339 63.0240747705102 21 72.8379449807107 105.311151454225 151 64.8377882316709 4.659333685413 111 63.5714293923229 27.4942677933723 2019-11-24 "Cuenta 2"
"329" "Centro 4" 147 194 451 141.492224321701 37.2674826998264 126 72.9134567081928 95.0554221402854 67 81.8366758525372 151.710283476859 99 117.653027083725 61.317502008751 45 199.423548020422 160.012888722122 177 150.841340143234 30.007338989526 2019-11-25 "Cuenta 3"
"330" "Centro 3" 24 426 469 61.2607574556023 113.304405659437 54 87.4617258319631 56.9697601022199 147 49.5490297442302 79.2176216840744 79 103.583883028477 5.27980905026197 135 131.871688226238 161.56700225547 111 136.477460060269 14.5842535886914 2019-11-26 "Cuenta 4"
"331" "Centro 3" 141 139 66 49.3271370884031 89.9353825952858 198 40.3207410359755 50.3684077179059 47 245.336414943449 320.056128967553 126 180.016593774781 168.588927946985 10 197.741706017405 103.643049951643 133 139.072277909145 135.515074944124 2019-11-27 "Cuenta 4"
"332" "Centro 3" 49 328 48 234.207826922648 84.6679205540568 24 79.1038942057639 20.9007776342332 33 92.1496401540935 320.139636006206 172 147.599005885422 176.314791059121 1 88.2048545405269 198.410503799096 60 101.041194424033 61.131713911891 2019-11-28 "Cuenta 2"
"333" "Centro 4" 114 335 357 214.715035166591 1.18351550772786 113 41.6945169912651 3.08751279953867 71 287.083954154514 139.905487932265 30 125.669027771801 61.8421530351043 119 96.1676289793104 150.635067094117 196 57.4353483039886 45.3166416380554 2019-11-29 "Cuenta 2"
"334" "Centro 4" 162 435 588 243.915796629153 3.50363864563406 190 42.979859164916 96.0358808282763 178 178.546320553869 113.052196800709 57 166.75091017969 147.306380933151 51 126.02438875474 172.933956934139 73 118.264182144776 54.6818997245282 2019-11-30 "Cuenta 4"
"335" "Centro 4" 189 472 135 235.000647464767 161.36963898316 122 28.5672455327585 88.9240978518501 52 298.566229362041 1.33307185024023 155 124.925532750785 79.7633419279009 106 113.542402489111 61.269264947623 34 123.536043427885 12.1681654360145 2019-12-01 "Cuenta 2"
"336" "Centro 3" 32 361 73 113.161299820058 85.0017340388149 0 41.3430768763646 71.5816600248218 43 139.714547479525 270.339717809111 71 90.9043867141008 67.7251610439271 103 76.781338872388 172.592093143612 180 44.8952751234174 135.498189833015 2019-12-02 "Cuenta 2"
"337" "Centro 5" 116 177 353 297.189193940721 194.552715867758 131 98.447647690773 31.8919270066544 179 166.53483461123 198.946459963918 112 77.0340312737972 103.320279158652 1 142.054613446817 93.6978658195585 92 135.903321811929 174.244972877204 2019-12-03 "Cuenta 4"
"338" "Centro 3" 67 51 181 127.836224064231 170.725941332057 190 89.0752838458866 68.5156110441312 8 20.3602894674987 351.82079533115 192 76.0551461484283 11.5487298928201 40 162.284414283931 8.72454424388707 31 46.3192285504192 121.526034222916 2019-12-04 "Cuenta 3"
"339" "Centro 5" 58 368 127 220.654071914032 68.3507085312158 145 69.9381225043908 53.9896608097479 63 109.734243666753 253.46253272146 53 2.52530365251005 39.0767124015838 162 61.4438474178314 89.5650568883866 13 3.65686272270977 28.3813247922808 2019-12-05 "Cuenta 2"
"340" "Centro 4" 85 296 412 70.4609784297645 33.4354586899281 15 32.4829857796431 97.5265450309962 173 165.136817470193 266.942652594298 196 152.812357852235 180.596261611208 162 120.22239677608 78.6884786561131 118 123.028298467398 131.298995297402 2019-12-06 "Cuenta 4"
"341" "Centro 3" 113 368 28 31.8483537761495 40.4693696647882 48 82.28729669936 40.3310813009739 26 233.00117617473 267.799754906446 31 19.670196576044 172.208109917119 161 72.3500723950565 58.8413433171809 151 19.4833332672715 66.0544390324503 2019-12-07 "Cuenta 3"
"342" "Centro 1" 152 419 57 298.749603400938 159.967293543741 59 42.2348227817565 84.4645003089681 48 172.411684831604 266.345949005336 191 13.1703688763082 120.502323284745 132 93.3993538375944 58.7289916817099 43 124.403842072934 137.078030081466 2019-12-08 "Cuenta 3"
"343" "Centro 5" 64 359 512 0.195417366921902 75.5476662889123 28 30.934546305798 35.1726135704666 119 269.837239058688 340.916076209396 23 176.902940217406 179.198446078226 200 174.432804854587 74.5762776117772 100 5.30411121435463 91.6588847991079 2019-12-09 "Cuenta 4"
"344" "Centro 5" 63 42 34 125.469817710109 183.149680728093 140 16.6198560269549 30.9109317138791 15 263.937840401195 55.3496675565839 88 49.3403845466673 175.829975819215 190 83.4064291790128 2.42887577041984 110 83.0736857373267 182.33589255251 2019-12-10 "Cuenta 4"
"345" "Centro 4" 18 490 140 24.016966111958 29.5140029396862 53 44.1462480695918 76.5824655769393 125 78.5587950143963 97.7852584794164 42 70.4992774873972 9.95506732724607 126 123.351310333237 192.009243415669 98 182.694831909612 17.047714535147 2019-12-11 "Cuenta 3"
"346" "Centro 3" 70 402 416 7.85088334232569 66.6903696022928 180 21.392254717648 36.0211932100356 134 46.5558667900041 375.5710628815 110 137.833357136697 55.6912788189948 105 118.679135432467 113.770428253338 64 25.3984121605754 116.077915206552 2019-12-12 "Cuenta 4"
"347" "Centro 5" 47 275 82 260.839909594506 52.5913398712873 70 27.209420572035 80.4279824253172 106 12.3880805214867 266.897130198777 23 31.8919917102903 67.7666863426566 190 36.9981632102281 77.4451176635921 100 187.070477148518 111.562154255807 2019-12-13 "Cuenta 2"
"348" "Centro 2" 101 40 180 27.5336499558762 30.481486255303 169 30.290732649155 78.9303575409576 166 69.6557954186574 172.275938652456 145 55.8673850260675 132.56952543743 18 49.3526842910796 51.6763492953032 17 140.907393582165 183.764689415693 2019-12-14 "Cuenta 1"
"349" "Centro 1" 125 199 366 111.467772396281 93.2174370158464 76 65.4270797967911 9.89092784002423 6 84.455489879474 105.93010019511 172 42.4224597867578 137.281981436536 154 177.413322776556 32.2923119645566 155 65.8232758753002 81.1878435313702 2019-12-15 "Cuenta 3"
"350" "Centro 5" 172 262 536 47.647940623574 187.94634686783 62 65.2431803522632 50.7344489917159 72 132.464838260785 201.314807217568 196 69.3335257470608 100.985273486003 174 103.392311790958 164.379547396675 184 179.70004430972 192.873586248606 2019-12-16 "Cuenta 5"
"351" "Centro 3" 117 456 468 95.2965727541596 19.8318294715136 163 30.0186150707304 78.3550702733919 162 186.297661042772 108.754118066281 88 46.0593744181097 169.671071553603 169 104.605200653896 111.145664518699 127 188.122060475871 33.6287043523043 2019-12-17 "Cuenta 1"
"352" "Centro 3" 131 421 459 206.08743019402 78.7616095039994 170 50.0600175000727 81.7395287565887 18 113.858661940321 95.4105044715106 20 186.42794075422 99.0514226723462 99 188.214752497151 116.405618516728 91 61.2320703919977 78.6979135125875 2019-12-18 "Cuenta 5"
"353" "Centro 3" 143 329 341 239.988662442192 148.733119666576 16 4.40528297331184 41.8784158304334 192 199.134702561423 152.183020301163 72 11.0295386519283 134.911232115701 149 185.031572170556 153.019454609603 70 151.70409292914 133.019008534029 2019-12-19 "Cuenta 2"
"354" "Centro 5" 141 330 563 112.523327535018 25.223680678755 142 7.59563129395247 22.6358194602653 186 81.2148411758244 286.725904047489 134 183.686351031065 71.4294635225087 102 96.9888764899224 48.4854798298329 72 7.69829987548292 117.48368293047 2019-12-20 "Cuenta 5"
"355" "Centro 1" 90 155 65 151.357144047506 83.2479152828455 172 51.0820285882801 92.4669230356812 107 159.727924782783 223.857329785824 162 42.5604063086212 4.53692800365388 26 70.127922995016 34.6562955528498 31 164.888607151806 158.718372741714 2019-12-21 "Cuenta 1"
"356" "Centro 4" 114 160 201 199.285079701804 85.8231232035905 5 52.780282497406 57.3413437930867 142 104.023033194244 176.249730866402 47 6.54006437398493 101.370700495318 2 72.8510274551809 93.2326771318913 138 159.488427406177 29.314578929916 2019-12-22 "Cuenta 5"
"357" "Centro 4" 200 136 323 7.33223122078925 135.099761467427 100 74.8431101907045 98.162600537762 196 65.2958892518654 143.697764072567 68 126.657263608649 165.627677738667 59 34.9980204831809 71.2084680330008 131 97.4269357509911 50.1894782762975 2019-12-23 "Cuenta 5"
"358" "Centro 1" 63 368 200 80.6381181813776 163.230122392997 84 43.0499834008515 31.0032982612029 137 4.68296036124229 276.407660916448 56 21.300170943141 79.506873479113 58 166.542950505391 86.5449974313378 54 161.203452991322 53.431681310758 2019-12-24 "Cuenta 2"
"359" "Centro 3" 171 462 298 1.98184435721487 190.313175180927 126 10.7658071443439 43.1516812881455 178 139.938535750844 116.869678068906 95 136.210168804973 182.159411208704 116 2.55853966809809 134.18734902516 140 95.1715480536222 136.720079369843 2019-12-25 "Cuenta 2"
"360" "Centro 3" 108 301 499 260.256858053617 153.603978408501 1 61.328882467933 44.3886914057657 163 242.776337871328 66.9384445995092 80 144.803216960281 12.2405429836363 120 14.1309125814587 88.8091798871756 124 72.3369967192411 82.9597026575357 2019-12-26 "Cuenta 1"
"361" "Centro 2" 163 146 2 228.441364550963 90.1276264339685 25 5.87016318459064 0.992792751640081 183 174.520254763775 390.679586026818 35 98.5682112630457 128.267405973747 105 134.676357870921 65.1757814455777 144 24.4080814998597 160.239005414769 2019-12-27 "Cuenta 3"
"362" "Centro 3" 100 375 472 38.3492872584611 24.9023020267487 134 81.6758143017069 60.7380738016218 75 198.919877386652 226.271301414818 135 198.2641720213 187.523640180007 140 133.67231823504 23.8635930232704 139 21.3022973854095 24.5070747099817 2019-12-28 "Cuenta 5"
"363" "Centro 4" 69 44 589 210.842930758372 74.7883297968656 44 21.8353709438816 1.96482061874121 133 30.3759915288538 338.584806025028 82 130.979333259165 88.6351914145052 45 97.6454765535891 45.4120306763798 98 161.412978544831 78.7164663430303 2019-12-29 "Cuenta 2"
"364" "Centro 4" 187 304 403 252.002021181397 90.5768746975809 94 23.5596208833158 81.1600879067555 199 183.50212876685 213.299308437854 154 68.4997827280313 31.5357975196093 30 47.1889749635011 104.789728019387 115 196.60782944411 177.86819934845 2019-12-30 "Cuenta 3"
"365" "Centro 5" 81 384 121 197.119026468135 126.674507930875 11 85.9276064904407 97.81954518985 57 19.923475664109 104.039600212127 83 171.763296471909 149.9705334194 107 29.4003515969962 189.007171429694 16 43.594377161935 90.52351010032 2019-12-31 "Cuenta 5"
