"Centro de atención" "Código Productor" "Productor" "Cobrado Auto" "% Auto" "% Sin Auto" "Cobrado Fianza" "% Fianza" "% Sin Fianza" "Cobrado Patrimoniales" "% Patrimoniales" "% Sin Patrimoniales" "Cobrado Personas" "% Personas" "% Sin Personas" "Cobrado Salud" "% Salud" "% Sin Salud" "Cobrado General" "% General" "% Sin General" "Fecha" "cuentas_esp"
"1" "Centro 3" 395 230 492 26.2764048529789 91.7953510768712 184 31.9138420047238 14.8279990069568 146 122.644368745387 308.942070882767 102 18.9387801568955 118.578190216795 122 35.6224338058382 23.8815073855221 143 79.6764818951488 77.5835365988314 2019-01-01 "Cuenta 4"
"2" "Centro 1" 125 158 131 14.4316279096529 6.87548848800361 101 32.4718554504216 90.825246181339 12 134.24874858465 0.749128311872482 123 16.4857099298388 117.166055226699 58 130.036267451942 75.8767589461058 86 47.7834638673812 70.4497675877064 2019-01-02 "Cuenta 1"
"3" "Centro 5" 167 479 394 4.39192112535238 95.8551066461951 11 61.679560597986 64.0049771405756 162 127.894692029804 372.450103983283 137 98.208221886307 18.7571900896728 152 112.652932247147 60.6878181453794 90 135.365594085306 81.9227009546012 2019-01-03 "Cuenta 1"
"4" "Centro 2" 106 102 158 62.7181383781135 79.6658093109727 171 8.90392486471683 82.0369841530919 91 134.779345197603 197.62416658923 11 10.8242977876216 184.745649201795 142 45.3022974543273 118.357708491385 154 115.657934220508 67.0856585726142 2019-01-04 "Cuenta 1"
"5" "Centro 2" 79 452 178 182.781542348675 60.2895502466708 151 74.1897981613874 42.0122735202312 89 194.642550568096 58.5052871145308 176 190.872867638245 150.716854026541 22 47.9233624879271 116.824391437694 137 101.982547016814 67.9144962225109 2019-01-05 "Cuenta 3"
"6" "Centro 3" 355 218 350 225.126809044741 82.4627628084272 5 38.7168234214187 41.9642443535849 38 31.9849577033892 35.3649933822453 174 191.401088051498 14.5102244336158 103 160.231199581176 125.720591610298 142 30.5704125668854 77.5192074477673 2019-01-06 "Cuenta 2"
"7" "Centro 1" 369 74 214 40.7015833072364 10.5392731260508 183 93.4509882004932 90.1006310712546 192 169.17418919038 135.114720277488 118 110.790238436311 95.4060312360525 168 75.2640629652888 181.168573116884 47 136.122541036457 175.935402605683 2019-01-07 "Cuenta 2"
"8" "Centro 3" 356 178 408 296.727763814852 134.143788507208 51 66.9453929178417 33.8809079490602 15 168.631669529714 4.71602017059922 95 172.196257906035 152.852594200522 97 163.730011228472 91.6814857162535 111 135.050524724647 168.527472345158 2019-01-08 "Cuenta 5"
"9" "Centro 1" 36 464 146 64.2478885827586 195.181353576481 29 9.26561588421464 41.2917956477031 159 290.088357450441 63.4886993095279 66 197.87997440435 15.5477896332741 71 111.88232540153 64.8238620255142 79 169.592428160831 1.08411624096334 2019-01-09 "Cuenta 1"
"10" "Centro 3" 73 427 227 188.675305363722 147.153724217787 61 40.9980057971552 29.9520924221724 74 103.574266587384 313.20319948718 141 22.0891768112779 117.509093787521 166 182.823781901971 83.5863522719592 98 78.6545685958117 128.032596549019 2019-01-10 "Cuenta 2"
"11" "Centro 1" 134 350 103 90.8980175619945 2.35250797122717 34 14.6787190809846 74.8162756441161 55 27.7128734160215 145.380646921694 5 140.229363180697 107.560746045783 151 149.536914331838 51.3225556351244 72 27.0764440763742 134.427189268172 2019-01-11 "Cuenta 1"
"12" "Centro 2" 487 364 104 125.190636562183 160.990193160251 92 88.3290990022942 99.0532245719805 199 188.480364019051 398.191200196743 64 188.228815700859 96.1698532570153 89 0.426912168040872 99.8083994258195 59 179.914714442566 184.20320446603 2019-01-12 "Cuenta 1"
"13" "Centro 3" 430 421 66 50.8979310281575 137.346355849877 148 55.9214947745204 29.1672800201923 165 253.070464334451 120.496135111898 76 69.3853034637868 186.875916039571 86 180.007708165795 125.841570086777 77 199.752351129428 69.9612461496145 2019-01-13 "Cuenta 3"
"14" "Centro 4" 187 469 388 295.278859650716 123.49546905607 41 27.4081030860543 48.1131063075736 188 249.888383550569 130.765852611512 9 131.708718789741 84.9195086862892 45 57.6388178393245 124.35194272548 88 119.417704455554 88.2902970071882 2019-01-14 "Cuenta 1"
"15" "Centro 4" 95 362 206 263.695695041679 40.2850573416799 32 10.6863727327436 42.2673559747636 162 73.3071846188977 30.3300232626498 179 26.620376156643 123.301396891475 112 170.892732776701 50.3343595191836 103 159.217724716291 149.350026808679 2019-01-15 "Cuenta 5"
"16" "Centro 1" 467 431 105 203.178940736689 71.3145817164332 159 85.9750274335966 33.5817073006183 28 212.573637720197 116.949697863311 87 140.067705139518 72.0652304589748 68 25.7768230047077 187.904516095296 29 87.4899289570749 173.354588262737 2019-01-16 "Cuenta 2"
"17" "Centro 1" 389 371 349 41.6662915376946 112.545495200902 73 20.6406340235844 8.05890038609505 112 232.92525652796 53.6480686627328 93 37.8148708958179 149.844737071544 29 166.812658729032 95.0550270266831 19 2.09811981767416 152.39215134643 2019-01-17 "Cuenta 5"
"18" "Centro 3" 280 39 418 110.417044046335 144.512875424698 89 85.8496377244592 1.52151607908309 173 240.761933661997 343.246964551508 99 14.8013149853796 145.228972658515 99 83.1460827030241 53.838789369911 12 120.667193131521 1.41596412286162 2019-01-18 "Cuenta 4"
"19" "Centro 1" 9 439 168 266.382432729006 91.7479841969907 4 86.5948195103556 47.4786558654159 189 5.15718595124781 88.6828048154712 21 82.6691545546055 39.2570767085999 11 180.548090627417 31.5849729347974 20 59.9711656104773 10.3397756814957 2019-01-19 "Cuenta 1"
"20" "Centro 2" 217 51 456 140.820583119057 153.124845027924 175 27.9951663222164 88.5807735379785 51 58.1163371214643 113.553872238845 100 187.663134466857 42.6958024967462 65 177.865493437275 131.728006247431 17 161.636240035295 76.6180906910449 2019-01-20 "Cuenta 2"
"21" "Centro 1" 91 182 141 205.125731066801 89.083759021014 99 0.701506924815476 95.2009963802993 163 202.582776825875 236.453366372734 131 134.923127433285 14.3703112378716 46 5.81050445325673 184.730893699452 147 23.7801277078688 199.857967719436 2019-01-21 "Cuenta 3"
"22" "Centro 4" 111 480 95 108.510780287907 83.9131944812834 191 81.2006059801206 51.0763005819172 93 156.040342035703 16.5845884010196 153 188.769695535302 126.471320725977 71 96.4041857048869 138.77097084187 9 198.602631967515 35.1734522730112 2019-01-22 "Cuenta 1"
"23" "Centro 4" 59 20 448 153.726885700598 147.31764360331 151 34.7714523551986 8.8822801830247 151 145.314029068686 113.509072363377 164 123.570020031184 86.3172879442573 130 142.397005064413 72.0922782085836 100 124.185169767588 174.674344668165 2019-01-23 "Cuenta 2"
"24" "Centro 3" 417 77 242 76.4183831401169 186.216005170718 175 92.2234059777111 68.6344960005954 192 88.9436629833654 200.075278058648 50 116.450807638466 28.6953820846975 3 95.5582448281348 22.6380020845681 38 116.200334951282 21.7715837061405 2019-01-24 "Cuenta 3"
"25" "Centro 1" 264 306 288 294.104847614653 77.2166679147631 158 49.3006886914372 40.1307799853384 103 75.895381020382 315.535872429609 20 192.930590128526 129.83696423471 78 191.546177491546 20.2659577131271 59 189.399075554684 0.682952720671892 2019-01-25 "Cuenta 3"
"26" "Centro 3" 189 228 297 39.5406850380823 117.572230286896 58 37.4206727836281 7.19126977492124 2 188.469615206122 105.18275918439 98 176.589693361893 63.8513774611056 72 5.13520520180464 186.686860118061 14 129.952858854085 103.185805538669 2019-01-26 "Cuenta 1"
"27" "Centro 4" 493 41 370 196.805175323971 114.894303493202 74 60.5773243820295 50.0112877925858 13 248.330111824907 342.334897629917 111 51.7223096918315 119.048833474517 5 156.373906042427 79.8270018305629 109 159.832540666685 169.960349565372 2019-01-27 "Cuenta 2"
"28" "Centro 5" 462 218 252 127.888153027743 132.964809471741 175 66.3032901706174 36.5048875566572 20 75.0165849225596 65.1916604489088 83 181.908689020202 86.3717728294432 34 28.72867975384 158.951878035441 2 99.6293062809855 151.424412010238 2019-01-28 "Cuenta 4"
"29" "Centro 3" 315 346 175 25.5124496296048 96.3174410630018 139 35.7371142366901 76.3136225985363 6 231.29995604977 140.039997268468 101 184.233430074528 140.418208576739 56 70.2560959383845 67.1525383368134 46 52.7984300162643 115.309246629477 2019-01-29 "Cuenta 1"
"30" "Centro 1" 34 248 480 169.545467477292 4.40668254159391 67 27.0261642755941 37.409731769003 131 17.5697486149147 69.759510923177 85 85.7330843340605 150.481453444809 121 6.76273740828037 170.250591356307 168 146.677522268146 179.973949026316 2019-01-30 "Cuenta 4"
"31" "Centro 4" 492 215 215 162.523421086371 50.2193628810346 19 76.2059132335708 62.7208038233221 63 58.2759561482817 172.423054929823 170 145.125079294667 45.9093939512968 149 197.907526884228 97.361124958843 157 12.9596044309437 20.3674783464521 2019-01-31 "Cuenta 3"
"32" "Centro 1" 228 105 181 261.877383291721 59.1457314789295 143 58.610199787654 4.98183188028634 94 168.848126241937 126.294170320034 191 56.1847328208387 196.430647792295 164 41.9541581533849 9.38033103011549 185 176.802486786619 181.574065098539 2019-02-01 "Cuenta 4"
"33" "Centro 1" 274 461 256 27.6046706596389 137.219522939995 188 11.5795314544812 73.1448201695457 182 77.4551135720685 144.764344021678 198 165.911220246926 62.0441987644881 64 85.5826420243829 42.262764275074 167 141.344737401232 190.104360552505 2019-02-02 "Cuenta 3"
"34" "Centro 2" 366 477 64 190.866077388637 180.190435424447 50 14.902652008459 45.6425819313154 99 290.128266206011 101.922282483429 147 22.2046241629869 46.9401957467198 21 119.081534678116 30.0500978715718 70 94.3530294578522 80.7922046165913 2019-02-03 "Cuenta 5"
"35" "Centro 1" 7 198 334 151.41574961599 135.374239739031 88 54.6976184239611 43.2788714300841 173 43.2060878025368 363.516644667834 37 118.619158631191 119.708950491622 113 124.087818153203 178.388772532344 182 165.017632720992 155.537625215948 2019-02-04 "Cuenta 5"
"36" "Centro 5" 414 243 441 42.534009902738 139.101853081957 122 16.6764496359974 54.0604687994346 108 144.151460845023 312.915088608861 81 192.756556998938 103.876288281754 141 99.4902478996664 53.2329497393221 161 179.108560970053 197.50410085544 2019-02-05 "Cuenta 2"
"37" "Centro 4" 312 100 214 3.47346647176892 101.379135996103 48 75.7744754897431 4.00588714983314 172 261.718418123201 62.0995566248894 83 116.562140593305 105.902005452663 7 43.8156790565699 79.8175151925534 13 139.450336340815 26.73011678271 2019-02-06 "Cuenta 2"
"38" "Centro 4" 11 447 397 151.042439136654 48.313952004537 93 67.9030154133216 88.8139224145561 148 281.007375265472 374.297414440662 47 151.269927760586 90.6111607793719 135 78.0828850343823 136.05212434195 197 15.833522984758 68.366148462519 2019-02-07 "Cuenta 5"
"39" "Centro 3" 88 359 143 289.008452813141 159.079020889476 164 28.8736688438803 10.0884396815673 11 290.377085865475 124.350384064019 7 180.230001127347 119.985244888812 46 161.46311769262 171.023863460869 132 140.563907893375 46.205896884203 2019-02-08 "Cuenta 1"
"40" "Centro 2" 134 119 351 208.172376919538 11.1588470172137 128 22.755127446726 76.0547131067142 3 99.1105231689289 168.353228643537 129 56.4620177727193 149.659789353609 127 41.9986788183451 44.3125293590128 100 84.1040432918817 163.59241604805 2019-02-09 "Cuenta 3"
"41" "Centro 1" 299 276 348 253.487739851698 94.6701760869473 49 96.7294871574268 44.5387510815635 130 162.680065515451 324.334185756743 41 81.3337087631226 157.161218626425 102 109.201184567064 110.365399951115 185 165.821517957374 2.42919027805328 2019-02-10 "Cuenta 3"
"42" "Centro 3" 485 127 471 35.6614836724475 77.5384972337633 72 69.0483877900988 10.2841597981751 76 155.499063385651 190.466307941824 119 122.750776680186 174.334482476115 193 170.42504013516 183.214745670557 5 152.410437306389 154.831364378333 2019-02-11 "Cuenta 5"
"43" "Centro 5" 383 23 548 38.6576106073335 130.709225824103 72 62.8931514685974 83.5055821575224 7 253.580355620943 260.71515828371 125 54.7869849018753 104.683073051274 61 107.843640353531 121.532896533608 89 103.819459443912 78.3328412100673 2019-02-12 "Cuenta 2"
"44" "Centro 4" 338 174 252 298.455769009888 109.94535270147 56 27.3080682149157 21.6725104022771 86 74.1275859531015 110.944716632366 24 158.900365512818 29.0912620723248 23 78.6522129550576 44.8971510399133 147 125.777740124613 50.9716381784528 2019-02-13 "Cuenta 1"
"45" "Centro 5" 367 449 600 178.426654287614 185.277310572565 170 9.72524431999773 21.3286647340283 121 258.21836348623 118.413990270346 180 173.902966361493 119.61186430417 12 127.533209463581 43.1552800349891 159 117.290080152452 34.1011548414826 2019-02-14 "Cuenta 3"
"46" "Centro 5" 349 499 83 127.344867889769 153.688344499096 33 18.7013167189434 85.0336698116735 113 266.664507589303 197.4385577254 131 33.5520154330879 106.753062875941 62 17.1171074733138 91.7638188693672 164 98.9416837692261 130.711865471676 2019-02-15 "Cuenta 2"
"47" "Centro 3" 137 201 281 157.332385657355 40.7767961733043 109 33.424590039067 13.3147239219397 130 246.722444216721 113.08617554605 97 196.465534670278 147.354826470837 62 34.3039786908776 133.776853932068 195 132.717540394515 178.476724866778 2019-02-16 "Cuenta 3"
"48" "Centro 5" 68 411 553 106.66688606143 27.6338083203882 140 86.3959530368447 14.6750956308097 38 99.6447157580405 118.864464201033 34 1.12614589743316 39.3542441073805 130 120.652750646695 146.554369386286 171 188.775302283466 61.5104188211262 2019-02-17 "Cuenta 1"
"49" "Centro 1" 220 309 590 293.967730365694 48.1815769802779 19 82.7425963245332 80.3749332437292 195 95.3431630739942 174.995611235499 152 99.9125606380403 85.4738772381097 5 125.293334526941 126.791430497542 11 14.6511384285986 157.687221514061 2019-02-18 "Cuenta 2"
"50" "Centro 1" 184 150 157 280.87445392739 14.6073044743389 126 75.3392012091354 54.4956343714148 189 172.523379838094 135.090849641711 48 104.422391531989 101.592495944351 15 173.880025977269 52.8683695010841 119 63.8421634212136 154.999887710437 2019-02-19 "Cuenta 3"
"51" "Centro 4" 246 412 540 133.196049369872 90.1678682304919 68 42.3582780640572 6.32626952137798 4 60.2040682453662 173.431712947786 165 29.1183092165738 74.1637418512255 15 95.6856509670615 54.0933452546597 33 33.0156825482845 168.91949926503 2019-02-20 "Cuenta 4"
"52" "Centro 3" 413 113 58 86.6495337104425 29.3335383757949 84 84.337241249159 60.1079734507948 60 203.478244598955 92.5734142772853 177 141.424423502758 109.794712951407 14 174.471173249185 41.0997272003442 84 141.812697891146 105.398617079481 2019-02-21 "Cuenta 1"
"53" "Centro 3" 485 479 538 152.541462192312 34.4119598157704 22 69.3504243157804 13.5114331264049 95 111.541597824544 142.310936097056 150 131.754240486771 154.586012801155 37 10.1874319836497 107.697326457128 100 177.338506374508 16.2349715363234 2019-02-22 "Cuenta 3"
"54" "Centro 5" 273 379 351 116.153774410486 68.3723494876176 47 32.5561698526144 64.1691761324182 67 287.354638567194 162.903112452477 168 63.532789144665 151.55140212737 187 88.4488796815276 26.8671090714633 130 141.401032963768 1.71239068731666 2019-02-23 "Cuenta 2"
"55" "Centro 5" 398 227 497 64.8703507147729 123.370949877426 193 19.1126228775829 56.7813175264746 155 94.1373025998473 96.5384421870112 141 63.4583566337824 193.071659654379 195 34.384584845975 196.035872958601 37 48.5050839371979 12.3872827738523 2019-02-24 "Cuenta 5"
"56" "Centro 2" 225 446 203 66.542829782702 52.2178544197232 142 84.6101006958634 27.6595388771966 178 178.998800204135 252.48016892001 63 147.3622799851 91.3705584593117 7 147.335100872442 101.003086473793 18 183.515276527032 105.04148164764 2019-02-25 "Cuenta 4"
"57" "Centro 2" 418 346 316 41.9177976669744 195.161181269214 114 46.1856397101656 21.5611959109083 197 248.08041555807 165.659073553979 26 135.487468494102 147.209583269432 127 39.0383250080049 77.1895053330809 89 53.5026690457016 134.895280329511 2019-02-26 "Cuenta 2"
"58" "Centro 2" 191 122 117 166.817373340018 157.516275299713 65 30.9951759409159 38.5395530611277 84 181.527619063854 389.937679562718 131 140.381088946015 105.583064816892 115 95.4997039865702 56.3930522184819 98 170.748383179307 25.1976913772523 2019-02-27 "Cuenta 4"
"59" "Centro 2" 224 69 395 107.370981923304 103.538339724764 84 42.4509039148688 99.3841854389757 147 112.594496738166 0.600939523428679 172 29.2994310613722 26.7670453060418 111 147.166469786316 13.5124881751835 150 105.375683680177 117.906221048906 2019-02-28 "Cuenta 1"
"60" "Centro 3" 352 328 466 52.4348932318389 154.110746551305 36 23.1233791913837 69.7813403792679 18 237.65901576262 211.135403532535 182 37.4682811554521 9.83387818560004 32 95.1699377968907 131.531209638342 113 54.3944037985057 23.1148252729326 2019-03-01 "Cuenta 5"
"61" "Centro 4" 63 41 136 186.835056287237 2.53478214144707 43 51.5756255015731 55.4838680429384 49 66.8416550382972 136.383713688701 53 172.542303567752 10.441059852019 80 192.063166806474 5.94204692170024 62 112.550572492182 5.8742381632328 2019-03-02 "Cuenta 1"
"62" "Centro 5" 132 212 158 27.754177688621 151.574307819828 61 91.3153076078743 90.9739963477477 11 53.174441610463 257.793315686285 14 21.0072698071599 127.892468869686 107 55.9920727740973 0.448764162138104 69 186.994712054729 62.329193437472 2019-03-03 "Cuenta 4"
"63" "Centro 2" 228 385 376 105.836045346223 46.2578136473894 132 72.2811202984303 73.7946899142116 135 97.8252407396212 76.0128675028682 182 171.196574298665 122.156926291063 55 139.988451031968 103.080340474844 146 31.2541080638766 42.0535349752754 2019-03-04 "Cuenta 2"
"64" "Centro 3" 318 151 495 149.125780491158 118.61199690029 76 97.9453083826229 94.7034854441881 2 262.507743621245 330.276314448565 38 61.9867638219148 65.3760204557329 84 179.379715491086 154.881879221648 79 71.0819623433053 4.8047156073153 2019-03-05 "Cuenta 2"
"65" "Centro 3" 438 249 51 151.458208216354 192.937762709334 121 63.7758175143972 99.344383389689 174 49.3925881572068 306.625370495021 22 48.8085857126862 94.4967451039702 83 106.818247260526 95.4286628868431 104 161.520948400721 27.8941749595106 2019-03-06 "Cuenta 1"
"66" "Centro 5" 13 123 187 115.52350257989 69.8850020300597 63 95.1008465606719 37.4858590774238 99 44.1350234672427 197.360627911985 197 164.092927845195 95.4609778244048 146 33.3711963612586 167.871178966016 185 91.4623348973691 102.047671377659 2019-03-07 "Cuenta 4"
"67" "Centro 5" 122 201 241 40.2929965406656 47.0019815955311 5 10.1987056434155 23.7550268415362 198 196.195246023126 226.457839645445 83 115.760735189542 98.1142202857882 131 196.649168012664 136.246508080512 111 115.423007728532 42.0269095338881 2019-03-08 "Cuenta 3"
"68" "Centro 1" 471 322 178 67.0593519927934 14.4709980580956 192 22.4444526480511 28.3251672750339 68 2.23526295740157 11.4019546657801 142 1.29966312088072 49.540919624269 21 86.1385958269238 195.644294889644 180 48.8917576614767 36.6501721553504 2019-03-09 "Cuenta 3"
"69" "Centro 2" 67 143 105 265.351002593525 21.6560193803161 100 36.9241247652099 34.966499148868 11 81.1741342535242 52.9710792936385 82 182.859119027853 113.434313796461 62 197.698443476111 50.0016761012375 13 17.1789534389973 154.211427690461 2019-03-10 "Cuenta 4"
"70" "Centro 2" 448 490 475 256.794339115731 50.8862500078976 91 32.176012522541 42.630141787231 73 15.3242677683011 222.773453779519 115 4.52786800451577 129.883899120614 47 51.0616110172123 80.0413486082107 59 8.31450377590954 34.5896028447896 2019-03-11 "Cuenta 3"
"71" "Centro 1" 363 405 202 173.052911111154 148.726202920079 198 32.4336066609249 48.1459218310192 89 139.766295952722 47.2705971449614 175 83.4731040522456 43.3485436718911 20 78.9409467484802 4.81029557995498 73 194.295103102922 69.5903123356402 2019-03-12 "Cuenta 4"
"72" "Centro 5" 34 371 351 178.5591553431 73.0845134239644 110 24.8843295034021 79.6691600466147 43 29.2278558248654 163.262751419097 94 131.849893042818 5.49925705417991 22 108.145408611745 40.7962686382234 187 33.6046094074845 90.1629232335836 2019-03-13 "Cuenta 3"
"73" "Centro 5" 474 147 101 96.9100868795067 165.078189596534 110 78.3337404252961 18.1343784555793 144 298.66606858559 122.975120600313 48 101.915711071342 38.6033158749342 19 48.3600344974548 172.870666580275 185 189.266564371064 13.6296198237687 2019-03-14 "Cuenta 2"
"74" "Centro 1" 63 174 396 139.337226119824 190.678525902331 102 46.7279821401462 42.4892983166501 175 149.057672149502 382.759815454483 74 124.614064721391 95.53312221542 0 37.8466256894171 94.803195586428 47 186.853598849848 107.436910504475 2019-03-15 "Cuenta 1"
"75" "Centro 5" 487 349 557 84.1602191096172 127.470133686438 85 22.1103731775656 67.2570287482813 185 238.628641166724 245.591046474874 138 38.8371086213738 197.366534918547 198 182.726238202304 38.4886478539556 55 153.255206625909 10.2213645819575 2019-03-16 "Cuenta 5"
"76" "Centro 1" 82 429 268 29.2757361195982 195.208906242624 110 27.0698415813968 17.8789832163602 195 230.053788539954 17.8294095210731 161 113.781266193837 165.692459745333 132 49.1195964161307 51.3512737117708 144 162.746559968218 167.685359856114 2019-03-17 "Cuenta 2"
"77" "Centro 4" 26 160 45 194.071541726589 23.2958382926881 42 79.51675420627 82.3422055225819 24 119.599408144131 231.332095712423 103 10.3967529721558 68.4561893809587 49 111.377817206085 94.8947799392045 133 16.8271803297102 37.2077860403806 2019-03-18 "Cuenta 4"
"78" "Centro 3" 428 137 97 114.891155809164 109.153814939782 177 7.01730037108064 62.0301186107099 88 13.853132002987 62.6482244580984 42 72.6500153075904 153.292555501685 191 190.601075207815 162.00876138173 48 30.7681609410793 33.2672947086394 2019-03-19 "Cuenta 1"
"79" "Centro 3" 126 312 62 82.3619151720777 161.770146433264 30 0.936904409900308 61.5165568422526 91 286.414177995175 151.120512466878 192 92.397943791002 116.293420549482 134 123.321622284129 65.5536756850779 145 116.015421506017 57.4635779485106 2019-03-20 "Cuenta 1"
"80" "Centro 4" 493 414 554 38.4294999064878 138.741014618427 158 8.47336300648749 80.4340617265552 6 173.633797676302 8.30703759565949 101 167.558349994943 135.764689138159 167 21.6155697125942 21.082070376724 108 99.2988819722086 1.18755488656461 2019-03-21 "Cuenta 5"
"81" "Centro 3" 125 42 8 83.0820580478758 150.01077381894 94 78.1641591573134 48.3138668583706 184 244.649002491497 171.088765654713 183 114.291581930593 14.1953218728304 19 146.272370079532 150.514839915559 185 53.3943936694413 83.8842621538788 2019-03-22 "Cuenta 4"
"82" "Centro 4" 350 500 482 243.624549801461 72.8282612282783 36 6.58667818643153 98.5077073331922 172 106.26134625636 313.275992777199 37 54.0658382233232 29.9249135423452 147 140.143237588927 70.3267903067172 130 144.551952416077 165.040504140779 2019-03-23 "Cuenta 5"
"83" "Centro 2" 362 250 580 127.245695656165 33.365526702255 149 17.8673824295402 24.569491064176 127 78.7400919478387 217.746989801526 113 118.205189192668 141.818375466391 37 153.324996633455 48.3543544542044 29 156.394421542063 184.780508233234 2019-03-24 "Cuenta 1"
"84" "Centro 3" 16 229 48 262.296581408009 65.8831251319498 140 61.2018793588504 80.5102798854932 175 235.331204091199 147.972119599581 24 90.2743849903345 73.619923228398 98 195.221515838057 44.5781362708658 16 51.7365999985486 52.4401071481407 2019-03-25 "Cuenta 1"
"85" "Centro 3" 254 174 524 214.918371476233 17.1598056331277 115 63.1319815525785 11.0820175847039 191 89.5539643010125 6.92006750032306 168 15.1592797599733 105.119199305773 58 140.934247709811 80.8599535375834 164 79.8931801691651 187.189511954784 2019-03-26 "Cuenta 5"
"86" "Centro 2" 334 257 505 288.915021414869 195.487138722092 33 20.6732789054513 93.2735234266147 112 261.083841696382 372.014830168337 165 179.204178601503 115.134476311505 59 17.8053109440953 51.7123766709119 68 139.855547808111 90.3427979443222 2019-03-27 "Cuenta 2"
"87" "Centro 5" 238 169 549 233.055373840034 108.085072413087 166 31.1262091388926 7.28388091083616 87 288.217655662447 23.1111058965325 116 16.7630393989384 188.428845256567 198 69.1493656951934 158.40427367948 34 122.900924738497 95.3622043132782 2019-03-28 "Cuenta 1"
"88" "Centro 3" 180 312 143 263.025367562659 150.181599520147 198 6.99964580126107 25.3417646046728 134 234.553258283995 147.348775621504 158 110.241370787844 140.840727556497 196 34.6179319079965 127.684054197744 32 24.0773832891136 27.9911059886217 2019-03-29 "Cuenta 1"
"89" "Centro 3" 469 284 132 121.682394272648 115.192882809788 17 1.37935040984303 12.1125553734601 22 153.160229232162 88.6643691919744 30 192.022599698976 187.435046117753 15 180.435932427645 122.15978722088 16 183.557178732008 41.1380711011589 2019-03-30 "Cuenta 3"
"90" "Centro 2" 303 409 113 198.567347042263 19.9798787012696 17 9.76181458681822 17.3759693279862 147 203.302063769661 139.123373758048 38 101.009265612811 46.3645787909627 105 51.9346217159182 156.290806923062 118 182.769333291799 21.7597923241556 2019-03-31 "Cuenta 5"
"91" "Centro 4" 450 497 192 177.323063998483 131.979193584993 101 50.4700921941549 21.4273518649861 89 31.3956239260733 16.2677507847548 182 120.079406071454 171.938010072336 103 98.5004711896181 0.356819527223706 33 71.8923602253199 58.0865364056081 2019-04-01 "Cuenta 1"
"92" "Centro 4" 224 108 267 246.635991381481 185.700612608343 40 40.1994473999366 17.069793259725 69 100.031601218507 309.602864459157 183 107.097765756771 42.038403917104 134 40.2198574971408 100.19535087049 166 100.528805563226 62.827545683831 2019-04-02 "Cuenta 2"
"93" "Centro 5" 142 137 52 106.299560819753 17.5971899181604 172 32.5553650734946 76.0405932553113 192 152.984907967038 357.788250222802 147 122.340569086373 157.292838953435 0 133.398862788454 43.615271197632 99 158.087492035702 20.2402318362147 2019-04-03 "Cuenta 3"
"94" "Centro 2" 430 356 478 204.281444312073 172.672014171258 186 63.2434791419655 1.31081156432629 108 44.5425912039354 360.128336772323 176 58.690408943221 11.57091492787 39 7.88070317357779 171.152364043519 55 118.670170428231 197.141475696117 2019-04-04 "Cuenta 5"
"95" "Centro 4" 472 14 387 163.784187426791 183.713418105617 7 32.4368647066876 64.8467972641811 184 297.931173839606 123.545098677278 37 162.901073228568 99.8643985018134 152 141.82677664794 164.094807486981 119 178.105401108041 25.7821179460734 2019-04-05 "Cuenta 4"
"96" "Centro 2" 442 401 316 24.4869837770239 181.072945799679 68 16.1730401217937 3.42499061953276 8 196.400839509442 289.964860863984 54 132.214914401993 116.75839186646 53 4.5628291554749 144.555201707408 45 28.0884907580912 3.91724221408367 2019-04-06 "Cuenta 1"
"97" "Centro 3" 124 85 514 269.059545686468 15.0254010222852 26 61.367023200728 56.7258981522173 19 252.214681589976 178.588670305908 37 82.1521131321788 177.06512985751 160 53.9147087372839 7.30349645018578 149 127.841851767153 72.7128754835576 2019-04-07 "Cuenta 5"
"98" "Centro 4" 354 386 370 79.1435410967097 172.121861856431 103 6.76001254469156 99.26107164938 62 48.7662537954748 289.815611019731 77 192.734683584422 85.3738276287913 35 114.340673480183 149.293649196625 134 175.090654147789 127.025220170617 2019-04-08 "Cuenta 1"
"99" "Centro 2" 370 357 410 270.483871875331 124.169716658071 69 57.1655494626611 88.9050694881007 109 154.473146377131 317.03417878598 32 151.186037715524 195.558647997677 179 146.118778642267 78.2876429148018 51 161.348987417296 139.547226624563 2019-04-09 "Cuenta 4"
"100" "Centro 1" 83 135 288 54.9246967071667 176.343144290149 18 1.94073391612619 62.4810498906299 178 121.941643324681 12.1321056969464 194 101.40388077125 169.525129906833 6 47.8367416188121 159.79999541305 163 120.917034288868 25.6285062991083 2019-04-10 "Cuenta 4"
"101" "Centro 5" 327 373 551 197.377936332487 197.310491558164 183 87.7799557289109 4.96021697763354 92 173.818683042191 392.336747515947 119 151.165224332362 169.370262883604 74 75.9631820954382 135.47398308292 85 168.492307001725 54.8804772552103 2019-04-11 "Cuenta 4"
"102" "Centro 2" 155 269 544 1.94376355502754 101.905209152028 157 83.6564983706921 69.6240628836676 173 217.626816756092 173.437406960875 20 149.242191202939 12.7509362995625 136 15.3222256805748 11.1600063741207 23 57.9924365971237 116.51842193678 2019-04-12 "Cuenta 1"
"103" "Centro 2" 256 126 96 116.419917228632 169.583457941189 9 64.7223904496059 11.4036079030484 83 251.535309269093 26.693806797266 46 97.6732461247593 13.4573136456311 178 158.874218631536 15.4712021350861 145 152.55770822987 19.7112178895622 2019-04-13 "Cuenta 2"
"104" "Centro 2" 226 37 54 36.5551681956276 111.354323849082 87 60.397701500915 97.2771778702736 41 36.0651845578104 84.0112040750682 153 94.5470282807946 44.0889088436961 117 196.946780849248 74.5990640949458 103 56.7960693966597 178.940609097481 2019-04-14 "Cuenta 2"
"105" "Centro 5" 416 277 170 185.451295366511 85.3971351869404 28 28.3524713711813 43.2764708762988 150 65.5949283158407 111.298025771976 142 121.3094512932 161.515621468425 197 198.396257357672 145.452599879354 117 170.441261120141 193.188943061978 2019-04-15 "Cuenta 2"
"106" "Centro 4" 158 492 496 198.770369170234 121.982830110937 86 10.8260577777401 47.0765962731093 86 69.1182737471536 108.427898492664 100 113.851317111403 71.3036157656461 49 45.952409459278 13.4805532172322 85 30.470593739301 143.764647003263 2019-04-16 "Cuenta 4"
"107" "Centro 1" 212 483 300 223.26283226721 57.9340768046677 177 80.5894396966323 76.2326621916145 160 201.749188522808 311.013586446643 145 105.713254120201 76.3024192303419 47 18.4718280099332 147.041510278359 188 189.996824692935 60.5471587739885 2019-04-17 "Cuenta 2"
"108" "Centro 4" 38 14 600 211.0827811528 114.099295716733 26 58.0151940928772 39.8148303851485 43 11.0402327729389 374.034009128809 22 8.29602289013565 127.092553535476 9 67.6974838599563 2.55950819700956 35 15.60810636729 95.7448898814619 2019-04-18 "Cuenta 5"
"109" "Centro 1" 285 106 326 6.02292947005481 24.4006343651563 43 63.32878312096 9.6718609565869 141 251.699749846011 5.53029244765639 54 145.039757620543 154.341363627464 46 30.4756742436439 172.564949654043 199 100.855243206024 154.363054921851 2019-04-19 "Cuenta 3"
"110" "Centro 3" 337 169 274 39.7967032156885 15.1078233495355 144 5.11496979743242 33.3113260567188 177 169.620997924358 255.093162227422 71 69.948305003345 146.94300936535 199 157.578141056001 5.21835000254214 122 180.090602347627 86.9454291183501 2019-04-20 "Cuenta 3"
"111" "Centro 1" 425 322 172 105.088511737995 180.627800663933 47 46.0281113861129 48.0955517152324 38 289.794899336994 79.0390581823885 119 52.5118251331151 124.353604950011 43 73.0166530236602 69.1052128560841 141 40.7594989053905 43.157586408779 2019-04-21 "Cuenta 5"
"112" "Centro 2" 396 81 317 6.20615605730563 156.94868969731 121 1.87472223769873 90.1861950522289 190 290.740170702338 12.3897372744977 26 2.76493276469409 76.4684191904962 34 179.102167068049 26.0344602167606 52 81.5034443512559 142.283254349604 2019-04-22 "Cuenta 2"
"113" "Centro 2" 474 127 289 90.78613165766 11.9062275160104 190 98.1345223495737 0.603943224996328 44 122.755652759224 246.758689917624 128 67.8744757547975 125.95281386748 49 27.5380973238498 132.090507587418 119 105.335955461487 171.3508464396 2019-04-23 "Cuenta 2"
"114" "Centro 3" 267 93 466 255.804801313207 35.1806581951678 33 45.8333237329498 3.86274217162281 154 269.901405880228 397.691467776895 78 5.89226097799838 141.889586625621 176 172.85053934902 67.6428244449198 19 7.97521127387881 173.929666960612 2019-04-24 "Cuenta 3"
"115" "Centro 3" 377 196 191 48.068661452271 63.2213245145977 3 57.9308382933959 47.2173686604947 94 32.0249756332487 283.705630339682 17 103.096631495282 58.2485390361398 4 132.466891082004 29.046729626134 81 107.865029573441 26.8165811896324 2019-04-25 "Cuenta 3"
"116" "Centro 1" 488 466 582 121.178058441728 168.532228749245 14 20.5795360030606 79.2750892229378 170 113.201008248143 12.763489689678 98 1.32294497452676 88.5084100998938 118 33.9917207602412 161.533152125776 137 47.691692924127 49.1283755283803 2019-04-26 "Cuenta 2"
"117" "Centro 1" 267 257 215 0.110767339356244 149.505265569314 148 73.5866957576945 78.9033316541463 25 161.215408262797 344.232662953436 133 74.7750186827034 162.703409092501 155 95.8144327159971 16.802579164505 193 121.505499305204 165.395455854014 2019-04-27 "Cuenta 4"
"118" "Centro 5" 72 198 479 296.28380255308 187.701490148902 83 38.6756920488551 26.6473299125209 154 243.789724353701 381.403491832316 198 81.5058312378824 58.4521298762411 8 13.7195489834994 181.324459053576 115 97.9507579933852 113.340782281011 2019-04-28 "Cuenta 4"
"119" "Centro 2" 178 66 484 286.866762209684 69.7265278548002 37 40.6340416288003 25.0451984582469 55 282.575799920596 135.388031695038 51 62.1431749779731 137.145663239062 37 41.6672419756651 19.8926623910666 114 34.4645957928151 166.641695750877 2019-04-29 "Cuenta 4"
"120" "Centro 5" 140 51 474 113.066883478314 65.3540296945721 102 5.54438643157482 83.5239562671632 66 228.285754518583 273.047852609307 154 30.4960709065199 140.799168171361 115 106.046008411795 80.4397129453719 148 95.7466491963714 27.7724829502404 2019-04-30 "Cuenta 5"
"121" "Centro 3" 500 22 362 33.8020052528009 188.231280399486 2 88.6312852147967 2.39756947848946 3 288.394685019739 306.383188907057 131 109.168794658035 52.9351080302149 200 76.9571208395064 35.8573704026639 0 144.540475122631 3.7068510428071 2019-05-01 "Cuenta 4"
"122" "Centro 5" 405 26 44 264.004824939184 84.1910280287266 38 88.0146658979356 30.8305746875703 91 151.884320704266 207.096034381539 84 83.7050691246986 181.798246270046 101 159.119960851967 75.5494928453118 4 138.399991765618 86.5596314426512 2019-05-02 "Cuenta 3"
"123" "Centro 5" 219 261 520 153.774550231174 53.6791595164686 103 59.3681486556306 45.2277571428567 42 37.000155961141 210.70962799713 84 180.011706752703 118.412586254999 52 165.155071346089 183.974847570062 190 149.614034825936 44.9414773844182 2019-05-03 "Cuenta 5"
"124" "Centro 3" 451 152 466 77.296766708605 114.672287693247 178 83.0743549857289 95.8985437406227 146 287.123372079805 209.952640905976 108 121.82121342048 66.3809270597994 109 9.99575708992779 147.109534032643 15 9.31030260398984 183.2177543547 2019-05-04 "Cuenta 4"
"125" "Centro 5" 205 318 476 284.977289708331 50.8338759187609 70 19.5531517034397 77.2945786593482 121 57.5326510006562 24.5716605335474 21 55.4445220157504 139.27331645973 172 112.669118726626 68.3672259096056 34 145.976675441489 89.8577235639095 2019-05-05 "Cuenta 5"
"126" "Centro 5" 267 242 119 144.433074910194 137.43320228532 106 76.077940245159 48.9969837944955 95 91.6863926919177 221.749605517834 117 76.4617434237152 8.29611667431891 147 109.279960999265 74.4525928981602 10 114.143716357648 35.2901002857834 2019-05-06 "Cuenta 5"
"127" "Centro 1" 393 500 147 67.3831682419404 65.7209220807999 33 13.3977569174021 63.2193622644991 198 143.763048551045 332.395259384066 87 97.4044414702803 34.0317685622722 142 116.684298682958 94.7877706959844 54 196.742058591917 7.49641568399966 2019-05-07 "Cuenta 1"
"128" "Centro 1" 79 80 244 118.86799915228 172.202153224498 194 67.5882064038888 9.1067718109116 1 247.196257556789 205.720355082303 67 29.925672383979 86.1953713465482 19 52.8368179686368 195.416886918247 187 164.098465023562 121.40483125113 2019-05-08 "Cuenta 1"
"129" "Centro 3" 17 154 600 19.8751321295276 36.8741977959871 18 24.829614511691 41.2740506231785 140 76.2131411349401 229.343144223094 158 78.8364556152374 103.624602872878 65 16.0485026426613 83.6748689413071 104 28.5703931935132 108.51719873026 2019-05-09 "Cuenta 3"
"130" "Centro 1" 254 125 482 241.666228417307 161.216926621273 36 36.9904042454436 18.0673147784546 25 47.9233457241207 77.4846989661455 109 13.4730456862599 23.766121501103 20 78.5904668737203 117.948553757742 135 111.488212179393 184.056346770376 2019-05-10 "Cuenta 5"
"131" "Centro 3" 256 140 475 147.930692019872 41.9624650385231 125 76.1306867003441 73.7061242805794 54 103.448603767902 208.219417370856 94 191.800574911758 23.7382993567735 99 61.1639207694679 47.7180837187916 67 56.6491245757788 4.90322918631136 2019-05-11 "Cuenta 2"
"132" "Centro 5" 394 80 138 105.985449557193 9.38493590801954 191 38.8950995635241 47.4672633921728 130 114.877373864874 50.5081640556455 178 48.9019388798624 9.36503261327744 24 183.844333607703 43.6287665739655 99 199.518037680537 33.5267873946577 2019-05-12 "Cuenta 4"
"133" "Centro 2" 19 57 69 36.012776917778 2.36247275024652 106 87.1760906418785 34.6485916525126 184 253.275543591008 31.9648815318942 97 194.994837837294 117.340584238991 162 132.214591884986 169.188053533435 62 114.461128320545 186.324546439573 2019-05-13 "Cuenta 2"
"134" "Centro 1" 366 312 115 20.6754882121459 146.555734239519 75 18.2578244246542 87.209524679929 92 3.77842735033482 393.699609208852 93 192.191080423072 4.10905960015953 104 24.6381564997137 51.5680467244238 72 150.039623770863 181.71745617874 2019-05-14 "Cuenta 4"
"135" "Centro 4" 479 60 313 153.366575553082 17.3465610481799 49 28.1495604431257 86.3789831986651 65 20.5627254210413 65.2462340891361 107 107.792582409456 114.305349672213 51 62.9581649787724 116.556614730507 198 40.5118475202471 108.44693002291 2019-05-15 "Cuenta 4"
"136" "Centro 5" 232 464 164 133.542343508452 70.3141330275685 109 58.2055067643523 82.6667789369822 86 141.855783574283 194.792693201452 145 56.3769557513297 78.3443867694587 28 196.066642040387 91.9905340764672 30 178.028919221833 20.5084926448762 2019-05-16 "Cuenta 3"
"137" "Centro 2" 305 326 257 202.895446610637 119.050018535927 163 98.3818089589477 2.62868017889559 186 172.908545541577 302.207458391786 173 3.67984329350293 46.7813299503177 26 185.055452259257 13.3370134048164 134 55.0482852850109 0.0894663389772177 2019-05-17 "Cuenta 5"
"138" "Centro 3" 380 419 74 61.744210193865 50.0636395998299 148 27.9449362307787 10.541211720556 6 102.491393079981 328.381180018187 11 101.145570445806 55.9582830872387 53 64.4902188330889 110.400998080149 112 94.6478889323771 70.7694098819047 2019-05-18 "Cuenta 3"
"139" "Centro 1" 202 179 441 229.738385975361 53.9332251995802 63 41.076150839217 26.0936504928395 129 268.49526904989 60.8770445920527 188 116.505212849006 156.537263887003 31 105.109956115484 99.7586899902672 22 117.586502945051 4.77037304081023 2019-05-19 "Cuenta 2"
"140" "Centro 1" 280 420 177 210.363209643401 160.298560187221 67 11.9172447361052 61.4158729789779 42 214.483162318356 335.651695355773 77 23.9643106237054 43.1420600507408 69 122.944161482155 106.930988188833 65 129.105483507738 126.342708338052 2019-05-20 "Cuenta 4"
"141" "Centro 4" 18 17 486 116.662980196998 133.526663621888 69 42.0364115852863 12.5297121470794 150 154.87897542771 117.753122467548 175 155.399406515062 93.6540716327727 182 43.0987710133195 190.46930433251 61 133.80977101624 93.6223135329783 2019-05-21 "Cuenta 2"
"142" "Centro 2" 83 453 478 81.7943644942716 165.637722797692 86 60.5326866731048 11.1977318068966 78 34.1993620852008 281.719750631601 122 71.5859435964376 33.7946501560509 102 91.3291744887829 107.207689899951 197 124.755135038868 110.369677655399 2019-05-22 "Cuenta 3"
"143" "Centro 5" 460 336 551 103.571894089691 150.949756801128 183 91.6899940464646 51.4602129813284 43 153.921156004071 94.782233145088 124 119.579883711413 186.358424602076 180 23.4661047812551 92.4072892870754 88 145.998814515769 17.4645863473415 2019-05-23 "Cuenta 3"
"144" "Centro 3" 65 170 347 156.748304609209 115.413291985169 79 73.0993271339685 62.3798639513552 173 294.186003715731 270.193128380924 125 91.706920042634 96.884753042832 188 103.865442564711 35.4441250674427 150 175.809724722058 42.9855541791767 2019-05-24 "Cuenta 1"
"145" "Centro 3" 312 376 428 93.044829997234 1.19253592565656 196 76.4800383942202 16.5150183951482 151 29.4603418791667 184.439754392952 51 50.9169822558761 66.2921309936792 119 164.625434484333 44.4185372907668 55 63.5869059246033 135.57163644582 2019-05-25 "Cuenta 1"
"146" "Centro 1" 52 270 407 137.469873181544 198.336870409548 119 46.4829902630299 12.7070989925414 10 264.263554452918 369.178513903171 176 38.5261406656355 199.370171921328 110 9.48051875457168 191.589472535998 152 49.7641710098833 12.9963280167431 2019-05-26 "Cuenta 5"
"147" "Centro 3" 339 245 484 170.965310186148 137.292458023876 45 93.3523808373138 68.6250143917277 58 130.651910905726 215.70699326694 94 135.189326805994 151.694266218692 2 164.104208722711 189.71526408568 139 167.607968579978 78.9807247463614 2019-05-27 "Cuenta 4"
"148" "Centro 3" 404 97 274 274.126378074288 65.0736162438989 119 40.667691687122 95.6531200790778 125 281.600891822018 133.169237244874 104 53.0817362014204 160.342862596735 42 166.09544493258 114.263972407207 185 21.3675807695836 50.7593467831612 2019-05-28 "Cuenta 5"
"149" "Centro 3" 448 317 400 250.698869372718 146.419952716678 104 34.938464127481 36.2119008786976 136 216.12718461547 342.727679479867 65 72.9207632597536 23.5252562910318 124 119.158309465274 102.805648231879 33 122.628878150135 171.566306939349 2019-05-29 "Cuenta 5"
"150" "Centro 1" 168 178 0 67.288356483914 191.756869200617 199 94.3442265735939 18.8551830360666 73 263.275267439894 256.376265734434 47 65.4107876121998 51.765452651307 47 39.6403204649687 168.873036745936 46 106.202112650499 152.710879966617 2019-05-30 "Cuenta 5"
"151" "Centro 2" 46 271 400 235.367668722756 155.274352058768 177 38.3503230288625 82.1796077070758 112 100.314691546373 286.029042676091 88 54.0367068257183 73.8903702236712 123 166.458318475634 24.8488996177912 79 27.4247287772596 134.192005684599 2019-05-31 "Cuenta 4"
"152" "Centro 5" 267 68 102 35.0820225197822 22.2667994908988 137 17.8378961747512 80.7457318529487 19 238.52954255417 374.576917849481 94 97.5945093203336 157.940407050774 127 140.268726320937 120.759921660647 12 36.8046627379954 28.1298012472689 2019-06-01 "Cuenta 1"
"153" "Centro 3" 332 73 566 5.44464499689639 100.273626297712 46 53.0834478326142 91.3892081938684 109 76.3624208746478 119.963621068746 31 162.892198748887 44.3213771563023 36 125.492123886943 13.3709145709872 95 134.817938506603 194.92977974005 2019-06-02 "Cuenta 1"
"154" "Centro 5" 113 464 111 58.4664327325299 180.595463886857 66 76.9603176275268 35.1268799975514 62 145.574400457554 52.6329087093472 22 62.7496040891856 191.957842791453 191 59.2062884476036 154.599758749828 33 65.3647655621171 5.65253193490207 2019-06-03 "Cuenta 2"
"155" "Centro 5" 23 464 276 77.8224336449057 151.587331993505 10 27.2917079040781 95.5710755428299 125 165.567362308502 219.100887514651 84 16.9502680655569 108.414053777233 155 25.905260629952 136.93152316846 30 101.807313365862 79.4633366167545 2019-06-04 "Cuenta 1"
"156" "Centro 1" 448 333 446 199.651332339272 140.032200422138 118 72.6874252781272 20.1200648909435 197 46.9927601516247 104.632456321269 2 54.8133565112948 8.63646948710084 132 164.33365996927 20.1840242370963 140 13.6403614655137 1.40572679229081 2019-06-05 "Cuenta 4"
"157" "Centro 3" 46 136 34 266.517497529276 175.747542269528 155 71.0311700822785 94.176936103031 62 167.77609011624 231.046243198216 183 140.157697722316 155.484650656581 4 21.6681480407715 151.730143046007 16 81.0084529686719 141.007994115353 2019-06-06 "Cuenta 1"
"158" "Centro 4" 12 107 568 144.622858660296 58.2403869368136 101 68.0752622429281 9.07661255914718 191 95.2085591387004 256.761027220637 58 142.194119654596 43.0379554163665 181 44.6257691364735 25.1122686546296 158 55.4179660510272 12.394833471626 2019-06-07 "Cuenta 3"
"159" "Centro 1" 166 219 3 38.0752272438258 153.679918497801 35 82.2253593010828 31.0491489246488 24 195.950556127355 295.625719986856 84 12.3041722923517 79.7159745357931 12 5.8061454910785 37.8429658245295 175 130.69436182268 191.948467073962 2019-06-08 "Cuenta 5"
"160" "Centro 5" 138 122 116 50.2602563705295 49.7534125111997 105 82.2574229445308 47.7599530015141 100 44.3451564526185 31.2290657311678 25 182.22145778127 157.932946225628 118 82.4578425381333 92.1026063151658 35 104.8907360062 12.1270227711648 2019-06-09 "Cuenta 3"
"161" "Centro 3" 470 164 580 41.2317398702726 83.544982643798 31 96.546819456853 88.1680919555947 200 282.192053133622 59.003923740238 112 113.163738325238 186.652640812099 194 118.76246961765 166.498635429889 20 30.101085966453 30.3220915608108 2019-06-10 "Cuenta 2"
"162" "Centro 2" 42 18 35 226.992256357335 191.62287809886 19 56.1080161016434 13.9412830816582 158 175.850826292299 335.268793441355 5 47.7490993682295 173.850007914007 112 162.98775873147 108.232434745878 97 142.115038866177 63.5067444294691 2019-06-11 "Cuenta 3"
"163" "Centro 1" 130 365 465 135.733278910629 187.987352628261 29 65.9762364346534 63.0242842016742 87 281.7620417336 55.4648998193443 78 137.915002321824 54.7358701471239 41 24.7490745969117 38.2986572571099 79 143.337697396055 71.9968406483531 2019-06-12 "Cuenta 5"
"164" "Centro 4" 427 49 372 38.8076581992209 154.381487611681 27 87.6997420098633 80.2468472160399 50 1.08925073873252 359.945038240403 71 55.3528461139649 63.7260388582945 12 173.983450932428 95.1886645518243 185 45.1647874899209 162.886443035677 2019-06-13 "Cuenta 5"
"165" "Centro 4" 448 42 377 66.3785356795415 139.808438019827 144 11.3216275116429 98.1791180092841 23 190.364873036742 225.878030993044 96 16.8115482665598 153.751919558272 159 159.00615984574 186.165339080617 151 7.62352761812508 134.349575918168 2019-06-14 "Cuenta 4"
"166" "Centro 1" 265 180 122 24.1112949326634 28.4307365771383 62 43.777008773759 56.4425555989146 108 146.827127714641 164.654501900077 113 35.6149761937559 48.370496602729 185 177.092809835449 167.103892704472 164 64.6699060685933 55.4145412985235 2019-06-15 "Cuenta 1"
"167" "Centro 5" 187 273 558 181.317221210338 23.4972809907049 194 91.0407574148849 7.85984867252409 51 36.7747712647542 35.9773971140385 187 182.495248969644 74.9740173574537 83 15.8011953812093 62.0180801488459 97 79.3103355448693 47.0998124685138 2019-06-16 "Cuenta 3"
"168" "Centro 3" 122 193 486 245.923277176917 163.667716365308 14 30.8330093510449 79.7734654974192 122 237.447134102695 97.8409370407462 73 176.309484057128 172.782654361799 44 120.363010372967 87.59656525217 182 92.1789176296443 109.997432678938 2019-06-17 "Cuenta 2"
"169" "Centro 3" 275 367 146 89.1821983968839 96.2703957688063 99 50.8995224023238 9.99940342735499 136 54.1915974346921 56.2995004467666 92 1.94561975076795 119.18561803177 125 130.296891368926 139.474433613941 152 120.044012181461 188.977596256882 2019-06-18 "Cuenta 3"
"170" "Centro 3" 250 310 366 113.56303836219 152.686911961064 184 82.3672635713592 66.474194265902 5 169.562469609082 355.429587420076 194 156.747136358172 83.5352343507111 116 56.6376011818647 7.26654017344117 89 129.71862629056 151.423353981227 2019-06-19 "Cuenta 5"
"171" "Centro 4" 238 437 205 110.428628604859 12.4274529516697 132 84.8336626309901 40.9401374869049 22 160.129655362107 166.325137391686 184 33.0085692927241 175.450458703563 66 14.8474209010601 198.464393941686 63 112.468565208837 127.589767286554 2019-06-20 "Cuenta 5"
"172" "Centro 3" 344 292 434 125.243354332633 30.3721342701465 144 5.14362792018801 77.9111657990143 77 178.685991838574 194.50168646872 101 146.28617526032 179.52441428788 119 106.618235260248 25.1412238460034 146 78.5862581804395 91.9229470659047 2019-06-21 "Cuenta 1"
"173" "Centro 5" 164 144 286 109.259340539575 58.1531922798604 185 27.2383048664778 88.1080571562052 55 61.4092947682366 63.8236362487078 107 100.679694022983 11.3207620568573 106 42.7024336531758 76.8044739495963 189 139.514207374305 83.528720587492 2019-06-22 "Cuenta 2"
"174" "Centro 2" 173 89 37 76.5483367955312 81.9262569304556 67 55.0365441711619 20.6092878943309 64 135.343726049177 14.1297793015838 68 178.162528341636 14.2605155706406 25 94.5627091452479 16.5679853409529 57 127.419930743054 183.757237903774 2019-06-23 "Cuenta 1"
"175" "Centro 3" 198 50 428 178.36100764107 12.8654749598354 145 29.0355673525482 30.5908189387992 78 173.365318472497 339.41151117906 102 165.691374614835 111.285877227783 186 32.5213792268187 103.00868563354 191 102.872723015025 190.428112167865 2019-06-24 "Cuenta 4"
"176" "Centro 2" 381 313 318 293.667691899464 31.12076157704 37 29.3387749930844 59.5987361855805 25 99.9932829290628 302.588476706296 12 93.9125934615731 74.8107403051108 76 188.597355177626 179.882867075503 51 152.449348894879 128.030675649643 2019-06-25 "Cuenta 5"
"177" "Centro 5" 53 259 108 183.33773331251 186.003145342693 114 61.30056460388 62.3930215835571 195 47.2408829955384 324.261667672545 0 30.1818596199155 14.3815704155713 150 33.286803541705 52.6898843701929 149 16.5295250713825 1.0060771368444 2019-06-26 "Cuenta 5"
"178" "Centro 4" 450 214 396 197.766697523184 99.8089185915887 49 51.0678449179977 56.5444131847471 116 23.2404860202223 152.92498646304 66 65.2762348297983 131.639093253762 184 136.702644266188 21.4912008494139 142 47.3546612076461 187.39730543457 2019-06-27 "Cuenta 1"
"179" "Centro 2" 85 272 300 193.792509287596 156.934619974345 86 30.0060524139553 75.4655690165237 63 125.072595197707 178.577061276883 31 173.658649204299 76.9462908618152 104 99.7880652546883 78.5223245155066 113 171.852551726624 31.0847382061183 2019-06-28 "Cuenta 4"
"180" "Centro 3" 277 275 392 52.0614355104044 70.876402175054 159 54.6868433011696 95.2333237044513 196 297.757436474785 336.326095275581 184 138.782449346036 62.3596027959138 145 29.2728280182928 6.1383968219161 99 43.6114760115743 85.7028604019433 2019-06-29 "Cuenta 1"
"181" "Centro 4" 247 24 286 161.987614282407 5.68193173967302 139 5.89068669360131 0.939515652135015 114 283.481577504426 382.576973177493 6 141.66167685762 154.15598526597 42 81.9459825754166 191.59749429673 109 105.421211663634 77.8455741237849 2019-06-30 "Cuenta 4"
"182" "Centro 4" 25 22 121 78.2885199878365 118.053100584075 57 54.9159171292558 31.1573130311444 22 40.8112338976935 358.106563799083 192 16.219469672069 166.306903259829 132 19.1947286948562 12.3920700047165 64 37.0583218056709 49.8700245749205 2019-07-01 "Cuenta 3"
"183" "Centro 3" 1 401 420 187.534016137943 79.7557599376887 105 83.1076199188828 61.9096147362143 105 111.920445249416 124.327396042645 0 175.212841760367 112.996759125963 192 99.8698656912893 75.2656674012542 153 185.73671313934 152.124341623858 2019-07-02 "Cuenta 4"
"184" "Centro 4" 332 241 302 55.3352025803179 3.22864977642894 115 31.5857836278155 44.9502673465759 60 160.600166022778 175.73499083519 189 57.6252379920334 137.177973333746 66 101.064220350236 86.3215368706733 165 163.731700321659 140.874707652256 2019-07-03 "Cuenta 2"
"185" "Centro 2" 227 361 548 276.00100315176 98.8501970190555 120 48.0869049672037 52.4504332104698 170 99.7781110228971 111.803210154176 48 50.7455467246473 63.4785408619791 170 81.7313645966351 57.0914349984378 191 171.611281018704 93.1230349000543 2019-07-04 "Cuenta 4"
"186" "Centro 2" 93 152 436 10.1029212819412 15.5709855724126 110 35.7417962281033 18.6695149634033 70 265.852601174265 227.794661093503 179 171.015529474244 26.9560866523534 31 191.91300291568 14.9470643140376 75 153.973259218037 152.901164442301 2019-07-05 "Cuenta 4"
"187" "Centro 2" 50 264 258 150.221597333439 79.9683221615851 47 9.98619589954615 67.0535412384197 175 297.491892403923 329.158365353942 116 32.7855677343905 14.4513762090355 169 2.60054389946163 84.1074923053384 17 2.64905565418303 166.555744595826 2019-07-06 "Cuenta 2"
"188" "Centro 4" 465 408 556 137.501705484465 111.704865191132 154 31.3225676305592 35.271473089233 151 223.982688272372 143.231886252761 160 99.4078586809337 29.8656382597983 54 27.0163212902844 193.765565659851 12 81.6347969695926 133.898493135348 2019-07-07 "Cuenta 3"
"189" "Centro 5" 23 425 553 245.214530266821 196.488448930904 165 8.03959558252245 6.25995388254523 52 129.901142511517 174.993112310767 52 147.354270005599 181.549812061712 152 22.7837919257581 102.427875157446 103 174.359326995909 36.2221466843039 2019-07-08 "Cuenta 3"
"190" "Centro 3" 128 440 503 293.207057984546 101.995635032654 194 54.3151559773833 88.551667612046 167 207.743995450437 271.581736858934 57 35.4912869166583 119.470655126497 178 22.5229346193373 119.272920163348 118 48.7940205726773 62.342223059386 2019-07-09 "Cuenta 4"
"191" "Centro 2" 406 25 535 19.6264372207224 24.9047970399261 107 68.2565712369978 21.4371690992266 158 136.015969002619 138.79479020834 164 142.74035426788 83.0051569268107 167 28.3608893398196 89.9825320579112 128 115.140157844871 94.5397261995822 2019-07-10 "Cuenta 5"
"192" "Centro 3" 347 253 338 248.484291345812 46.9919408671558 153 53.4797444706783 54.9778810236603 60 77.5259374408051 313.71184643358 59 47.3865149077028 34.7844443283975 161 174.458431079984 78.9234867319465 132 114.222206128761 190.010716905817 2019-07-11 "Cuenta 1"
"193" "Centro 5" 46 43 385 188.739619776607 5.3967057261616 173 68.1588304229081 68.8787316670641 48 5.82685077097267 337.462298292667 186 22.6478370837867 143.275075219572 3 75.2023750450462 73.2294846326113 146 95.331405242905 141.828469699249 2019-07-12 "Cuenta 2"
"194" "Centro 1" 271 182 346 120.299148419872 148.654788499698 27 1.35861274320632 15.9319459926337 33 6.40398797113448 285.094220098108 69 195.813591405749 78.9257747586817 142 92.9132612422109 13.9655386097729 92 28.4768359735608 111.383973155171 2019-07-13 "Cuenta 4"
"195" "Centro 1" 315 185 384 292.887808126397 141.245453897864 52 33.9244989212602 52.4919550400227 76 144.921596255153 289.721453934908 192 138.390491390601 137.946555018425 132 104.327076394111 142.868038732558 72 172.264464851469 194.761387817562 2019-07-14 "Cuenta 3"
"196" "Centro 4" 381 124 50 253.84846678935 35.5017965659499 152 2.03972419258207 64.3672717735171 146 240.195760549977 291.321786027402 107 151.873627258465 2.90779168717563 94 37.6580004580319 85.9108064323664 44 172.239035600796 151.919669378549 2019-07-15 "Cuenta 2"
"197" "Centro 1" 441 444 318 92.3865440301597 126.797615317628 24 89.5999103551731 36.998876137659 166 264.876580936834 292.647289671004 181 64.9258837103844 156.373946648091 143 30.0618496257812 106.535513792187 153 35.2440626360476 36.5710211917758 2019-07-16 "Cuenta 2"
"198" "Centro 4" 351 314 474 58.6411449126899 116.945973830298 76 0.0735442154109478 42.1359317144379 174 230.932024447247 393.963923677802 60 27.2884679026902 98.5368405468762 67 83.5490126628429 144.572944100946 178 61.7060151416808 73.2140322215855 2019-07-17 "Cuenta 2"
"199" "Centro 4" 221 355 335 285.934328986332 85.3678707033396 166 29.6352630946785 10.4095175862312 60 298.34661623463 191.156774759293 119 16.7701287660748 45.5193726345897 137 57.1034084074199 147.604702692479 61 114.732408616692 165.958232991397 2019-07-18 "Cuenta 4"
"200" "Centro 1" 374 321 121 8.08576787821949 198.77147199586 83 63.2368556922302 39.0170520870015 115 138.719778251834 361.380549427122 17 181.971218716353 104.890223918483 100 102.547852694988 193.452294170856 180 65.3496045619249 175.610090792179 2019-07-19 "Cuenta 5"
"201" "Centro 2" 97 480 68 116.507435543463 15.3608378022909 116 61.7457617772743 5.35232224501669 101 199.326428468339 162.1890286915 100 27.3744179401547 168.589667743072 45 78.247316274792 105.669733369723 188 93.218158185482 71.7572123743594 2019-07-20 "Cuenta 5"
"202" "Centro 2" 122 358 222 104.752204357646 134.260509628803 133 4.88473987206817 21.8724275473505 165 210.190501227044 289.28309995681 108 76.2349693570286 174.457235867158 152 154.832946090028 52.3242083378136 197 72.182104177773 151.587578235194 2019-07-21 "Cuenta 3"
"203" "Centro 3" 272 143 234 276.747776381671 155.680576199666 187 61.5163614740595 12.9140842705965 116 0.954993814229965 272.289217542857 101 1.4159794896841 71.9164226204157 126 54.0319791529328 116.831274516881 144 155.193213652819 30.4454419296235 2019-07-22 "Cuenta 3"
"204" "Centro 4" 258 282 4 115.632848418318 161.416077148169 93 98.2092965627089 3.90694332309067 113 74.3443258339539 395.171952340752 168 40.7544348854572 88.5645780246705 45 18.6797405593097 41.2064692471176 35 75.8563167881221 193.943407107145 2019-07-23 "Cuenta 1"
"205" "Centro 5" 360 224 443 262.810408836231 130.29349707067 132 1.51684735901654 4.91867510136217 23 271.503597451374 323.994170315564 171 193.858423875645 33.7481347378343 8 79.3030572589487 60.9481484163553 47 18.4462863020599 195.197661966085 2019-07-24 "Cuenta 4"
"206" "Centro 3" 43 244 87 283.647378324531 74.6877972967923 51 82.9231787938625 22.4612682359293 77 30.8992843609303 144.721513427794 158 0.663393829017878 65.7095184084028 88 122.030821535736 180.399279575795 192 12.4304845929146 20.0076391454786 2019-07-25 "Cuenta 4"
"207" "Centro 2" 378 441 290 229.117919015698 77.4914140813053 53 39.4651044625789 39.311131904833 179 281.184959365055 354.550738632679 177 131.070412229747 11.6425697691739 182 167.213904298842 24.2304143030196 120 61.2979230470955 137.987275794148 2019-07-26 "Cuenta 1"
"208" "Centro 1" 463 169 500 137.163967103697 18.1533089838922 188 40.2133510680869 70.7164824008942 164 165.049097710289 394.153672736138 17 2.20591719262302 144.294258672744 50 95.7329305354506 48.6007434315979 166 97.6618074811995 47.3788403440267 2019-07-27 "Cuenta 5"
"209" "Centro 5" 8 27 546 157.724883360788 111.575196450576 154 10.6687631225213 42.6207072334364 161 292.345416010357 394.756309594959 68 67.3044560477138 140.78982337378 98 136.912302067503 107.839031051844 10 123.195336945355 117.235933057964 2019-07-28 "Cuenta 5"
"210" "Centro 2" 39 173 381 230.442918674089 104.255117150024 136 17.2868952853605 79.7659799922258 93 236.341770971194 328.407788649201 142 71.0918241646141 168.557408871129 102 54.8081576824188 21.8829942401499 187 42.2106854617596 156.536082690582 2019-07-29 "Cuenta 1"
"211" "Centro 2" 222 130 250 291.886786208488 2.52401689067483 32 4.3432580307126 69.8099018540233 89 192.872573481873 247.033734992146 8 22.9136901441962 45.7389497198164 2 143.554979050532 26.4231519773602 22 73.1186556164175 75.9104625787586 2019-07-30 "Cuenta 3"
"212" "Centro 4" 500 462 372 24.247845984064 83.0167628824711 164 97.6502971956506 74.2877519223839 125 247.687620506622 217.893004324287 67 108.827176783234 4.036088520661 176 50.3885549027473 189.072798844427 154 52.9687201138586 18.7977291177958 2019-07-31 "Cuenta 2"
"213" "Centro 1" 56 149 424 164.515303471126 53.4279166255146 60 64.5859159063548 30.8072302024812 27 109.944625175558 306.577643658966 35 77.7240228373557 179.718286124989 171 8.04611416533589 114.57051304169 172 55.4955230560154 152.139062620699 2019-08-01 "Cuenta 2"
"214" "Centro 4" 477 352 172 288.979516387917 98.1170661281794 84 13.2724309805781 56.3340455526486 173 85.1346294628456 351.416151691228 145 83.0556144472212 154.905042890459 141 14.322745334357 191.769055090845 164 77.6684728451073 73.0630964506418 2019-08-02 "Cuenta 4"
"215" "Centro 3" 485 420 420 154.637177847326 9.65337101370096 63 55.1867994945496 0.547361839562654 117 255.371873779222 208.767236024141 4 42.4490091390908 130.845890427008 44 99.7998872771859 27.0444563124329 141 71.7982928268611 128.073261445388 2019-08-03 "Cuenta 5"
"216" "Centro 4" 221 387 505 49.1239589871839 158.683773456141 128 7.02595212496817 12.6288992585614 10 233.430755557492 27.7574691921473 97 29.045153176412 61.1618869006634 108 192.06435456872 197.808700520545 101 98.4022007323802 72.1427028533071 2019-08-04 "Cuenta 5"
"217" "Centro 4" 432 333 22 260.365905426443 37.3334265779704 6 57.3803010163829 16.072496236302 153 260.613332153298 176.856012642384 173 60.2489526383579 83.3197135012597 9 107.845307933167 118.523623328656 20 31.3145423773676 75.0781058333814 2019-08-05 "Cuenta 1"
"218" "Centro 1" 227 250 397 81.9265282480046 91.2174710072577 127 26.2518594972789 71.6781996190548 57 221.423784736544 397.857028711587 147 85.1213840767741 193.694185698405 123 23.3904284890741 127.998042665422 121 136.192339099944 107.266025803983 2019-08-06 "Cuenta 5"
"219" "Centro 2" 16 479 511 36.5490795113146 75.3442247398198 68 29.6456850366667 13.5801427531987 74 262.469135108404 234.344232734293 110 28.8078504614532 139.802502002567 69 120.696626603603 192.331779422238 90 88.0692034028471 21.0446337703615 2019-08-07 "Cuenta 1"
"220" "Centro 4" 12 391 526 293.778871139511 65.1439344044775 71 43.9236327540129 42.7157541969791 86 99.0742950467393 241.842401493341 67 32.3195138014853 161.531915981323 67 146.647488884628 111.732657020912 60 179.282514471561 144.728456949815 2019-08-08 "Cuenta 3"
"221" "Centro 2" 448 301 96 261.436100676656 46.102090831846 168 23.1213173130527 53.4814938204363 141 171.619745786302 106.584561057389 26 82.2285193949938 116.802458977327 0 164.712924743071 126.950196549296 76 184.311879519373 115.005114162341 2019-08-09 "Cuenta 3"
"222" "Centro 3" 489 38 47 44.7002899367362 24.5060985907912 168 83.5926399799064 54.8699152190238 56 29.239628277719 294.464385230094 35 31.5107290167361 6.69610174372792 11 39.5644793752581 168.777806824073 148 194.864176120609 163.311022799462 2019-08-10 "Cuenta 5"
"223" "Centro 2" 146 352 539 294.162886356935 97.2024702932686 105 27.3161916062236 4.91166491992772 92 289.751711161807 240.311630629003 199 25.8028036914766 68.7191754579544 174 12.8601208794862 169.630313385278 109 78.0845860950649 146.998878009617 2019-08-11 "Cuenta 5"
"224" "Centro 2" 21 474 373 129.636365734041 49.3407710455358 46 38.8844999950379 46.5395000996068 195 210.844172956422 144.550152029842 137 141.234389971942 111.314867902547 148 71.6245063114911 14.3906293436885 23 186.582632642239 84.8575342912227 2019-08-12 "Cuenta 4"
"225" "Centro 5" 427 299 497 20.7331656944007 19.7625898290426 28 63.6391843901947 91.8117515277117 77 64.0531465876848 334.256348665804 4 139.688064483926 103.143744869158 31 116.115530859679 109.194188378751 146 97.1977446693927 27.7104155160487 2019-08-13 "Cuenta 4"
"226" "Centro 3" 106 337 376 93.9807126531377 85.7196146156639 90 16.7412949958816 74.0757810883224 1 263.207330717705 77.9096320271492 189 153.507505636662 60.4894673917443 114 18.5379439033568 198.745586024597 137 16.2805538624525 101.360706891865 2019-08-14 "Cuenta 1"
"227" "Centro 5" 218 104 283 156.95221319329 163.243386661634 91 48.8908798666671 47.661202121526 127 4.28484559524804 134.805770870298 49 198.945566639304 54.1544757783413 60 104.015299910679 181.189218303189 115 169.505637651309 61.294832918793 2019-08-15 "Cuenta 2"
"228" "Centro 4" 59 148 502 160.473892092705 27.8355995658785 125 37.7214374719188 51.3052144553512 125 62.8470216644928 335.475405585021 168 152.008740557358 83.5755760781467 145 188.773960387334 47.9382978752255 73 10.0670017302036 166.009474499151 2019-08-16 "Cuenta 2"
"229" "Centro 3" 182 324 570 238.935019006021 156.719848420471 117 70.0520137790591 57.90602453053 24 104.140121606179 46.4047660119832 76 72.1047007013112 178.331026248634 79 169.611294288188 131.805845536292 14 143.738248292357 156.471288623288 2019-08-17 "Cuenta 1"
"230" "Centro 1" 324 462 285 138.774284650572 110.640152171254 48 59.5398847479373 9.5647091511637 103 225.028446572833 307.689105067402 138 194.298447761685 74.8339225538075 191 198.986584832892 81.3006918877363 135 43.1799702811986 176.078031677753 2019-08-18 "Cuenta 1"
"231" "Centro 5" 52 452 520 10.2766161086038 110.216646688059 183 92.4007679801434 33.7340284371749 66 149.662558897398 288.936206698418 184 4.1031330358237 100.942188268527 66 49.471464054659 62.4494259245694 106 153.606909932569 7.816765550524 2019-08-19 "Cuenta 1"
"232" "Centro 2" 2 249 219 45.871745981276 40.6064869835973 22 2.69350910093635 95.0256656855345 182 238.574953749776 171.274293214083 191 159.337432542816 116.216667415574 184 56.7433359567076 103.376150690019 19 12.880190834403 132.965960679576 2019-08-20 "Cuenta 3"
"233" "Centro 4" 347 372 147 200.931853917427 180.532965250313 25 64.0374564565718 45.9718125406653 166 116.706936433911 160.588390566409 32 70.4409807454795 172.555385297164 145 72.1521361265332 132.970670145005 47 14.8243173025548 68.1622793432325 2019-08-21 "Cuenta 2"
"234" "Centro 1" 398 267 71 111.256225733086 97.9058444965631 129 57.7361013973132 97.2747409483418 113 10.6741847237572 182.425269577652 40 92.9930692072958 73.100653057918 114 162.295650597662 180.476884962991 66 186.531794583425 187.573088007048 2019-08-22 "Cuenta 4"
"235" "Centro 2" 362 447 202 136.892839916982 166.073491470888 167 98.6079427646473 23.7312243785709 32 38.8416585512459 24.3344565853477 163 86.4023253787309 116.383007541299 20 67.6866144407541 197.28012313135 185 98.5280196648091 45.0759937986732 2019-08-23 "Cuenta 5"
"236" "Centro 2" 120 228 67 177.34842938371 83.7427041493356 153 70.3700957354158 15.5993868829682 78 271.097273030318 194.450313318521 142 50.7717668544501 139.419349329546 110 90.8939594402909 20.2774133067578 62 30.7869295123965 81.1731409281492 2019-08-24 "Cuenta 2"
"237" "Centro 2" 48 460 180 212.111006188206 78.6819448228925 19 74.0199463674799 97.9550083633512 90 276.627228269354 303.046384267509 103 90.8851560670882 73.5111403744668 3 105.703541077673 141.865362878889 152 126.850611623377 85.0377621129155 2019-08-25 "Cuenta 3"
"238" "Centro 1" 147 416 100 110.058763017878 159.265550691634 13 95.0101483846083 32.2834835154936 36 28.1152152456343 33.3107152022421 151 97.9891640134156 163.693152740598 163 59.6170039847493 164.965853793547 74 103.502006316558 3.58489728532732 2019-08-26 "Cuenta 3"
"239" "Centro 4" 295 315 579 159.469811688177 148.257554555312 189 31.1395227676257 19.0124341053888 131 45.349617046304 179.502916615456 72 193.693085666746 147.117131017148 16 127.903521480039 125.631744181737 55 159.073459170759 122.220852179453 2019-08-27 "Cuenta 1"
"240" "Centro 4" 383 271 353 135.206643515266 15.2795123867691 22 53.0417972942814 93.694504047744 102 91.484371223487 221.545073483139 193 27.779929433018 4.73654419183731 16 89.4633322954178 162.533963751048 65 158.106887107715 153.797706542537 2019-08-28 "Cuenta 5"
"241" "Centro 2" 203 206 458 133.378090965562 106.030752230436 177 54.9457224551588 49.9708568444476 20 46.503566717729 170.024600066245 196 144.888255139813 133.709071390331 132 163.325503468513 169.632656592876 64 175.696000223979 32.9678278416395 2019-08-29 "Cuenta 5"
"242" "Centro 1" 275 169 157 287.255280464888 69.2470249719918 97 73.9037482766435 69.2157671554014 24 93.061012797989 21.8862973153591 143 22.3564429208636 146.469305781648 76 48.3033193740994 156.721199722961 6 35.7167760841548 142.560837557539 2019-08-30 "Cuenta 2"
"243" "Centro 5" 231 73 467 35.5528911575675 93.522953428328 4 53.0473632737994 26.0693385498598 192 60.4452674975619 253.825188428164 4 101.231153402478 109.507456701249 70 100.166669627652 55.7784690521657 20 107.62767791748 14.1098116990179 2019-08-31 "Cuenta 3"
"244" "Centro 2" 281 486 371 216.676886728965 123.028254974633 13 62.0460627600551 9.86885167658329 122 166.644789115526 360.330276470631 126 137.189799267799 108.780395891517 26 97.415826190263 112.196786422282 72 85.0694568362087 6.90419226884842 2019-09-01 "Cuenta 5"
"245" "Centro 3" 408 80 468 101.301611401141 131.05160347186 78 49.2990577593446 47.2583967726678 53 268.487805104814 319.331899378449 172 64.6678286138922 152.58823200129 135 145.619560638443 89.7044943179935 4 92.2380060888827 181.655200663954 2019-09-02 "Cuenta 5"
"246" "Centro 4" 321 298 516 226.232658186927 73.3141245320439 46 19.7462268639356 11.2075978890061 176 100.627766735852 2.80302735045552 175 127.260937774554 74.5828930288553 5 52.3367506917566 21.492299856618 168 139.919618982822 42.9302265867591 2019-09-03 "Cuenta 5"
"247" "Centro 4" 104 61 183 182.376050390303 109.713172866032 2 40.1876520132646 0.690858624875546 150 140.033563622274 342.252446617931 163 154.814680246636 47.5857119075954 104 1.87939195893705 150.195630313829 7 118.254431989044 15.7854211516678 2019-09-04 "Cuenta 2"
"248" "Centro 2" 137 362 109 182.75106351357 85.0364600773901 42 23.9039228996262 58.5781428264454 107 281.477921549231 124.894963111728 194 63.7091665528715 124.742257874459 129 117.32741734013 166.970215272158 18 141.068959934637 68.7942808028311 2019-09-05 "Cuenta 2"
"249" "Centro 2" 290 232 482 104.072805424221 113.632800290361 140 41.1207857774571 5.96906398423016 55 95.7159279612824 166.578642092645 162 13.0954164080322 134.200629405677 89 158.081799000502 185.252985265106 158 196.641221363097 7.27072060108185 2019-09-06 "Cuenta 4"
"250" "Centro 1" 278 248 548 276.135918404907 86.451833229512 156 53.7704019341618 80.4108772659674 108 294.702311907895 300.577782839537 33 30.9863526839763 182.171958358958 133 172.465176787227 188.715885253623 180 17.9143921937793 3.71872796677053 2019-09-07 "Cuenta 4"
"251" "Centro 3" 89 17 533 236.172212543897 120.434245560318 177 69.6805797051638 56.6112458938733 124 191.209047473967 74.1482093930244 1 74.3309778627008 98.3011358883232 172 143.270976701751 120.313665876165 166 86.766353296116 190.178919117898 2019-09-08 "Cuenta 5"
"252" "Centro 4" 294 492 454 32.2110599605367 143.943436583504 57 96.1746862856671 49.4978115195408 146 10.4381893761456 307.62775382027 51 60.4294186923653 52.2980492096394 67 71.108708018437 198.859149822965 153 55.3792427759618 37.6168076880276 2019-09-09 "Cuenta 2"
"253" "Centro 2" 115 169 321 184.682066040114 163.36903157644 116 3.54969622567296 79.0823897346854 18 42.0449178898707 294.535612501204 141 54.6034207567573 83.9583369437605 68 131.663705734536 132.965496508405 79 72.3431173712015 181.220781058073 2019-09-10 "Cuenta 1"
"254" "Centro 5" 88 347 227 280.403642286547 9.41349775530398 132 58.2715505268425 56.7402794258669 11 256.236130488105 367.053311504424 182 9.43251410499215 159.723947616294 154 89.664088236168 132.469447748736 96 45.8649181295186 91.7990833986551 2019-09-11 "Cuenta 3"
"255" "Centro 1" 425 206 474 288.64743327722 105.432807421312 3 66.3379182340577 79.9517136532813 57 35.03355353605 330.310838297009 89 81.8114648107439 106.239967187867 174 137.149745645002 147.873023618013 118 6.59393183887005 68.9329268876463 2019-09-12 "Cuenta 4"
"256" "Centro 4" 453 28 263 44.1096128197387 91.830665525049 69 16.7504559271038 46.2211370235309 3 124.274574383162 260.179234202951 170 171.735964808613 53.6169659812003 145 1.90049870871007 31.8676198832691 122 28.2710100058466 67.9188559763134 2019-09-13 "Cuenta 2"
"257" "Centro 2" 304 314 430 102.188496873714 193.289229506627 54 47.0284509472549 71.329953474924 21 68.6987263849005 240.707555320114 173 104.220755631104 1.27141186967492 62 185.805981466547 91.5049637667835 159 82.0723921526223 169.611483905464 2019-09-14 "Cuenta 4"
"258" "Centro 5" 37 335 353 35.274947877042 146.229782002047 144 27.1364071639255 62.6066420925781 98 52.7243580669165 359.81520107016 134 174.601021502167 104.678133130074 172 131.603089766577 15.5959079042077 178 106.28496715799 89.0932482201606 2019-09-15 "Cuenta 4"
"259" "Centro 5" 90 84 242 160.864247800782 191.745217610151 158 82.6587182469666 65.8316898858175 196 241.038813558407 348.986800294369 55 12.0257122907788 22.5506383925676 95 96.6677301563323 32.5309515930712 107 80.0397756509483 158.539075264707 2019-09-16 "Cuenta 2"
"260" "Centro 1" 313 147 535 4.39001899212599 91.9475107453763 174 1.77115194965154 80.1803081762046 63 140.488028875552 284.489030204713 110 158.475518692285 127.021312713623 34 85.0004695821553 138.397666346282 195 184.917902341112 72.7856586687267 2019-09-17 "Cuenta 3"
"261" "Centro 5" 368 326 528 256.180921266787 22.7280660532415 177 38.3845002390444 98.3069606358185 166 129.029349563643 267.312305606902 121 16.7430840898305 128.60815753229 73 88.7623954098672 150.083083612844 102 8.1354380119592 176.338768703863 2019-09-18 "Cuenta 5"
"262" "Centro 5" 339 376 192 217.597249313258 67.640507593751 188 36.2644251435995 76.3303195592016 104 290.870409621857 110.110439360142 17 146.647899132222 197.331252135336 141 43.1741820648313 34.8517837934196 78 173.28707575798 19.7823573369533 2019-09-19 "Cuenta 1"
"263" "Centro 1" 323 112 122 197.151450742967 22.0600967761129 123 6.54567249584943 95.2908269828185 135 212.438595481217 110.428281500936 144 47.476397221908 175.308755971491 166 93.2685068808496 103.243247512728 172 13.503768062219 186.544594960287 2019-09-20 "Cuenta 2"
"264" "Centro 5" 261 238 130 148.692332301289 12.5191593542695 126 87.6808549044654 39.1225913539529 32 76.9296553451568 357.334992941469 43 68.9210508484393 192.643263377249 22 98.6709118355066 195.40456593968 137 40.3890934772789 30.6877202820033 2019-09-21 "Cuenta 2"
"265" "Centro 2" 106 190 99 202.655336866155 36.5468451287597 146 71.1371604353189 84.4309596344829 89 222.986834566109 396.568233333528 49 77.9505372978747 162.975648930296 39 12.7784048672765 186.439810087904 182 75.2188167534769 1.58053277991712 2019-09-22 "Cuenta 2"
"266" "Centro 5" 72 419 316 113.537245150656 56.846203096211 59 81.575358309783 0.713532464578748 46 246.671738103032 264.98286454007 20 108.893540548161 149.1465061903 170 155.53920250386 132.689528632909 86 186.723741423339 170.159560022876 2019-09-23 "Cuenta 4"
"267" "Centro 1" 215 452 384 36.573906079866 109.47180413641 173 23.5724257072434 33.8265268364921 85 248.354567494243 133.392747398466 111 133.818796137348 9.73263001069427 142 101.139347068965 155.354285798967 104 58.8301450945437 52.0069137215614 2019-09-24 "Cuenta 5"
"268" "Centro 4" 184 345 490 57.891504233703 70.2408290002495 65 24.3308045901358 79.9977564020082 29 299.433784559369 40.338272601366 110 151.939866738394 11.7343872319907 23 56.8699106574059 172.929629357532 160 54.606660688296 103.081751661375 2019-09-25 "Cuenta 2"
"269" "Centro 3" 334 457 401 52.2273495560512 148.823114670813 150 81.6619541496038 48.1130744330585 93 232.444243202917 71.8724393285811 28 156.779884826392 79.9393817782402 170 133.790830941871 108.346581086516 141 81.2640586402267 194.277836568654 2019-09-26 "Cuenta 1"
"270" "Centro 4" 231 31 491 150.882581714541 149.525748565793 116 72.8062101174146 11.8606186471879 45 95.3177005285397 260.614471137524 17 129.109510220587 179.483868135139 7 154.169515753165 195.38376335986 152 129.390902537853 175.461790757254 2019-09-27 "Cuenta 1"
"271" "Centro 4" 110 344 455 103.727414715104 183.940005255863 87 4.64668897911906 45.5247672041878 31 11.0782156465575 316.890911664814 65 42.337795952335 91.5004602167755 75 108.636636147276 22.8992612566799 2 182.566177658737 82.8981226310134 2019-09-28 "Cuenta 5"
"272" "Centro 2" 279 281 557 76.2928641401231 107.009686389938 14 62.9366834182292 1.88214734662324 21 95.7983683096245 313.917671889067 6 161.663498776034 134.449815703556 109 82.111033052206 105.687142815441 177 42.7516323979944 61.8938806466758 2019-09-29 "Cuenta 3"
"273" "Centro 5" 352 270 365 264.584758761339 4.4034824706614 79 55.7179690338671 49.8420087620616 174 165.332443825901 298.486326448619 132 79.4906525872648 9.86668108962476 93 94.4112546276301 180.292711220682 27 37.9100353457034 95.4418903682381 2019-09-30 "Cuenta 3"
"274" "Centro 4" 429 187 340 225.728808157146 14.4377568736672 14 86.2784893950447 88.34824685473 48 116.357559431344 26.3402346521616 173 11.7203271016479 135.459912242368 30 86.2406653352082 99.8830516356975 79 57.0704740472138 68.393469043076 2019-10-01 "Cuenta 5"
"275" "Centro 1" 120 345 74 110.755629488267 177.971597900614 178 13.2765026763082 94.6532484842464 72 299.07314311713 55.1681637763977 86 75.2705433871597 30.8336011134088 37 178.607027279213 5.30320573598146 113 17.7804158069193 198.550794925541 2019-10-02 "Cuenta 5"
"276" "Centro 4" 269 317 62 280.569339799695 184.237770130858 136 48.7144343322143 36.5720425266773 52 117.918181652203 335.583271086216 22 7.95009429566562 84.3445612583309 22 119.128010096028 119.914539717138 72 71.4814893901348 96.8002413865179 2019-10-03 "Cuenta 2"
"277" "Centro 4" 59 139 342 62.6392178703099 198.980832844973 163 32.0965258404613 42.5003266194835 86 218.247652240098 75.8138006553054 118 56.5573893953115 156.182895042002 105 91.0628188401461 17.6452417857945 4 117.803940875456 197.646796423942 2019-10-04 "Cuenta 2"
"278" "Centro 4" 193 321 590 148.189131380059 148.21172459051 39 83.3284772234038 10.8524882700294 74 178.540969826281 272.268033307046 184 182.909598341212 119.624969223514 61 35.3466532658786 77.2634235676378 198 106.69282306917 172.990431031212 2019-10-05 "Cuenta 2"
"279" "Centro 1" 463 496 595 111.738232453354 35.2804945781827 8 7.74811296723783 86.0857959836721 175 163.813942205161 183.019756898284 186 64.30300809443 104.464690480381 34 13.3290219586343 39.4342141691595 191 42.4272756557912 40.7221518456936 2019-10-06 "Cuenta 4"
"280" "Centro 3" 359 186 267 7.54826688207686 89.3162277992815 110 48.3574841404334 30.4278668481857 38 54.9369729822502 115.200525056571 175 2.84476052038372 96.6101247351617 28 137.680793600157 182.806461723521 70 73.369527887553 24.4038077071309 2019-10-07 "Cuenta 3"
"281" "Centro 2" 121 122 241 262.539213197306 177.409487124532 99 4.13577670697123 63.7150982860476 46 125.607162038796 271.385441720486 115 99.7181963641196 153.812903678045 154 6.82384897954762 11.0804964788258 120 124.363844096661 168.827243195847 2019-10-08 "Cuenta 1"
"282" "Centro 3" 180 99 374 192.687836964615 84.3547959811985 12 45.6137232016772 69.6171796647832 155 80.5241065565497 73.9941533654928 45 93.5171089600772 174.957946594805 9 194.126889016479 116.132724145427 99 37.0166842825711 195.923444954678 2019-10-09 "Cuenta 5"
"283" "Centro 4" 40 406 577 122.882919036783 30.5213889572769 20 37.1894029667601 37.2206732397899 186 226.465617399663 297.001719474792 8 7.66976093873382 125.978624634445 3 139.189803367481 41.0229096654803 12 59.6240423154086 79.4215333182365 2019-10-10 "Cuenta 1"
"284" "Centro 1" 273 251 68 241.324029886164 74.5419007260352 3 45.4591467743739 92.3517808783799 51 245.352668431588 233.549374528229 15 22.4916926585138 186.867036158219 168 120.017953962088 80.1258035004139 143 179.867719067261 108.575253421441 2019-10-11 "Cuenta 4"
"285" "Centro 3" 142 302 102 32.6474931556731 34.940545912832 73 71.8464259058237 54.0397555334494 96 97.9628304485232 349.201608169824 180 187.482017697766 75.7657998707145 171 119.505060557276 121.209671301767 48 99.1118870675564 129.634918039665 2019-10-12 "Cuenta 4"
"286" "Centro 1" 468 245 74 225.153889716603 128.138995403424 65 98.208429152146 81.7443331936374 50 162.328506982885 213.457810413092 93 12.7894011791795 145.694675575942 38 76.3367618899792 66.8627279810607 92 137.792702019215 164.892763458192 2019-10-13 "Cuenta 3"
"287" "Centro 2" 91 251 445 186.321659758687 36.7380681447685 121 26.3366634957492 51.3652250170708 50 190.511029819027 296.212486084551 175 72.5200910121202 59.2904083896428 110 168.242110079154 67.0774721074849 174 175.058637699112 165.708698937669 2019-10-14 "Cuenta 4"
"288" "Centro 1" 79 456 331 113.598409993574 136.868605203927 137 30.2448926260695 18.4830422047526 80 147.583945188671 116.699335817248 14 43.9506107475609 75.8373062592 155 146.033023903146 157.155152503401 133 196.228599501774 167.11221113801 2019-10-15 "Cuenta 4"
"289" "Centro 4" 359 244 195 116.637934860773 47.7228838019073 11 3.91987112816423 14.910075487569 162 36.8904517265037 308.911059144884 59 101.181864272803 117.368950787932 58 54.37250896357 191.609720466658 153 62.2694254852831 156.617268826813 2019-10-16 "Cuenta 3"
"290" "Centro 2" 472 243 253 148.774158675224 7.61293829418719 92 6.2790363561362 9.99250097665936 64 120.855606347322 358.294379711151 53 194.602328771725 159.406878333539 149 68.7252648640424 43.2717682793736 94 10.5888126883656 189.929623063654 2019-10-17 "Cuenta 3"
"291" "Centro 4" 289 456 337 6.16233930923045 86.8353900499642 103 97.1575058996677 13.5050675831735 71 150.733771990053 376.538013294339 181 132.101777521893 18.2172370143235 97 74.9382194597274 129.570792336017 139 4.73099611699581 159.990589180961 2019-10-18 "Cuenta 1"
"292" "Centro 1" 417 234 154 136.510404897854 136.918466864154 132 86.4080553408712 11.139496951364 13 186.954803019762 111.165280174464 20 28.3071604557335 169.308184459805 170 153.453151555732 149.130190350115 102 134.880478028208 92.6146482117474 2019-10-19 "Cuenta 1"
"293" "Centro 5" 452 209 330 206.922380346805 104.655109439045 179 66.8574877316132 94.0416446886957 131 122.609951184131 126.813685335219 170 45.1812921091914 120.054396614432 165 7.9805274028331 71.1274488363415 121 162.661895668134 16.8072775937617 2019-10-20 "Cuenta 2"
"294" "Centro 3" 329 375 158 253.086164058186 136.233120458201 99 40.5564271379262 74.3533427361399 98 89.1645850148052 39.0294224955142 114 101.521203387529 128.71937029995 195 99.7903048992157 100.148105574772 193 124.61372576654 151.301053678617 2019-10-21 "Cuenta 1"
"295" "Centro 2" 268 300 405 213.855481683277 92.6827904768288 43 38.2373865926638 91.063547693193 112 143.809719756246 108.806379698217 98 134.548233868554 60.912895295769 12 4.24097459763288 165.027140453458 32 65.0205203332007 195.670108823106 2019-10-22 "Cuenta 1"
"296" "Centro 1" 48 16 202 158.841665717773 30.0007856450975 72 67.1329075936228 56.4099199837074 90 118.131964537315 91.0429292358458 24 185.306421900168 82.9274679068476 55 76.955148903653 132.690456928685 184 117.508708499372 168.569044303149 2019-10-23 "Cuenta 3"
"297" "Centro 2" 350 290 21 100.573299382813 33.7759795598686 16 17.6352204289287 14.5678712520748 122 171.289794542827 323.084827326238 132 156.314074108377 108.484297711402 19 83.5149874445051 161.402155365795 96 112.549124937505 90.5888999346644 2019-10-24 "Cuenta 1"
"298" "Centro 4" 133 458 344 70.6150374608114 177.856190735474 28 11.3009719178081 33.012833003886 133 66.7501100571826 70.7450927235186 83 74.4196014478803 139.861182589084 66 99.2539217229933 155.373231321573 28 68.0102800950408 17.080912552774 2019-10-25 "Cuenta 3"
"299" "Centro 2" 390 388 205 132.270364905708 124.26066766493 0 61.1634057480842 8.34488237742335 190 6.8897514604032 278.91223244369 47 126.034810720012 134.269519522786 133 173.202897701412 168.936122208834 147 7.19803441315889 123.442514799535 2019-10-26 "Cuenta 1"
"300" "Centro 5" 307 64 316 163.034162088297 96.8036356847733 23 97.2207558806986 21.6778567060828 179 213.036915566772 214.938599802554 49 123.34354929626 16.0345847252756 32 110.289090080187 27.6522529777139 9 98.0208853725344 89.6360799670219 2019-10-27 "Cuenta 4"
"301" "Centro 1" 237 113 546 283.261916460469 180.743121821433 110 43.4158831369132 68.9783634850755 9 80.3036264609545 223.15834518522 63 120.709748193622 5.50281428731978 31 184.40931388177 165.206216974184 38 102.443674532697 75.4421908408403 2019-10-28 "Cuenta 2"
"302" "Centro 5" 73 88 586 236.256602662615 76.3498101383448 6 67.1785431681201 77.6654568500817 11 298.141388618387 235.822368320078 58 24.9298492912203 75.6222059950233 146 59.484873060137 91.3002056069672 20 92.172298533842 169.862460531294 2019-10-29 "Cuenta 1"
"303" "Centro 4" 230 449 168 113.272879086435 47.0497224479914 56 24.5506637962535 33.5398891707882 141 278.062296845019 346.176948770881 33 140.891458047554 145.208502747118 91 176.394876465201 29.3663011398166 94 101.172522595152 155.202803155407 2019-10-30 "Cuenta 4"
"304" "Centro 5" 436 424 407 208.004885888658 110.724611533806 20 61.010030284524 36.5379075752571 61 15.0237048044801 252.396866120398 22 46.8801199924201 41.6526948101819 75 117.47162360698 188.245651172474 200 102.750708442181 63.5228301864117 2019-10-31 "Cuenta 5"
"305" "Centro 4" 123 195 228 203.163171024062 27.2615897469223 71 19.9891546741128 63.8268184149638 137 50.3044887911528 373.709301650524 51 55.4030498489738 29.8447692301124 34 144.551139511168 84.7463600337505 76 61.8889377918094 192.255454743281 2019-11-01 "Cuenta 5"
"306" "Centro 1" 239 175 585 45.046375086531 25.4883042536676 96 43.2763108052313 24.458979582414 24 36.5323600592092 351.214861497283 5 184.796298760921 60.6084481347352 22 132.335313363001 199.141770601273 75 87.6215714029968 16.3745090831071 2019-11-02 "Cuenta 2"
"307" "Centro 1" 163 491 107 244.08475686796 183.639122685418 105 46.5017002774402 43.6406531836838 13 14.1611000988632 78.076755348593 158 80.7754851412028 111.583825061098 59 7.72398980334401 145.479677524418 116 156.512792920694 196.883236337453 2019-11-03 "Cuenta 4"
"308" "Centro 2" 205 96 131 165.357619640417 22.0597034785897 31 8.77674624789506 99.0968695376068 21 1.74066529143602 219.408697169274 82 51.6151165124029 79.2661670595407 36 98.1765969656408 16.7478642892092 3 71.0910986643285 45.7185841165483 2019-11-04 "Cuenta 1"
"309" "Centro 3" 408 283 31 213.549429061823 161.740223597735 157 48.3970312634483 38.7132493779063 109 45.1665486674756 112.312417570502 36 54.1209760587662 162.326563289389 20 87.4129907228053 159.595856117085 18 197.665268322453 194.863134482875 2019-11-05 "Cuenta 1"
"310" "Centro 3" 351 324 229 286.216624011286 83.9146929327399 159 43.7267556553707 49.7889941092581 50 109.955126023851 108.949587773532 82 170.297148404643 150.828675413504 19 41.4258938748389 124.60394334048 105 39.5089932717383 60.5642400216311 2019-11-06 "Cuenta 2"
"311" "Centro 3" 321 409 441 17.4724194221199 124.817595863715 141 69.7125405073166 0.589995970949531 0 148.589857737534 15.5139528214931 111 43.9709479920566 64.0665709041059 57 61.677125422284 16.3105587475002 195 17.2744281124324 14.2652402631938 2019-11-07 "Cuenta 1"
"312" "Centro 3" 74 80 445 203.921200172044 188.474893383682 29 77.5765198515728 11.3836378557608 14 227.845985884778 246.119776926935 192 52.0692092832178 52.6018181815743 9 174.628051603213 137.924930918962 181 128.865009872243 86.4589253440499 2019-11-08 "Cuenta 2"
"313" "Centro 2" 84 45 215 141.50441614911 172.164682019502 190 3.41769927181304 59.0233750408515 14 127.775244391523 358.178153820336 114 121.049478743225 82.9630194231868 73 89.8577224928886 44.247316615656 198 111.440279660746 51.417140243575 2019-11-09 "Cuenta 1"
"314" "Centro 1" 223 370 276 275.696027954109 69.7120536118746 181 1.01036562118679 84.9211521679536 172 203.378522233106 247.124221548438 67 57.98136186786 40.8968203235418 178 80.3669894579798 167.111277859658 132 23.0579992756248 42.6239958964288 2019-11-10 "Cuenta 5"
"315" "Centro 3" 125 188 48 57.331182458438 105.644968803972 150 95.8487370051444 56.4584583044052 114 284.452601429075 380.660668667406 188 182.538887951523 54.5949459541589 139 92.6966567989439 180.143780214712 72 81.1333188321441 100.798943871632 2019-11-11 "Cuenta 1"
"316" "Centro 3" 148 6 415 169.11585945636 75.7303781807423 40 94.5741133764386 47.8827168466523 67 195.297190756537 46.72083966434 41 33.3525511901826 58.0380496103317 167 166.805723356083 179.511810839176 36 78.8437365554273 199.684546422213 2019-11-12 "Cuenta 2"
"317" "Centro 1" 295 448 122 177.576949121431 103.250576648861 111 3.26694671530277 75.5400066962466 131 295.113035151735 18.1544966064394 20 149.186670174822 121.858521224931 149 127.504229638726 121.881824824959 26 84.3460282310843 113.082518381998 2019-11-13 "Cuenta 1"
"318" "Centro 5" 457 77 411 135.554369422607 171.815252909437 178 66.4951637620106 57.7056766953319 136 88.2605627411976 136.618132144213 16 172.635836200789 103.684358298779 169 22.6809902582318 31.3225369900465 127 39.1619043890387 37.6165313646197 2019-11-14 "Cuenta 4"
"319" "Centro 4" 273 448 178 118.446560483426 49.7131917625666 194 39.5773856434971 98.9488954888657 10 23.3561495086178 21.640114299953 126 169.54761389643 44.9662784580141 191 88.1204329431057 121.258333744481 141 50.5915265996009 122.092159325257 2019-11-15 "Cuenta 1"
"320" "Centro 2" 355 59 12 237.474555219524 198.114084778354 76 53.8617283571512 4.91196867078543 67 278.668046579696 380.545979179442 35 172.205034550279 144.174781674519 85 95.1201455201954 77.4861617479473 124 88.0706983152777 48.9513247273862 2019-11-16 "Cuenta 5"
"321" "Centro 4" 108 242 225 53.1823434401304 118.496189918369 33 82.2939735138789 40.3891163179651 52 209.932583221234 219.988204073161 11 38.8150257058442 38.0429030861706 82 36.216986970976 47.4436053074896 177 90.9034463111311 118.667822377756 2019-11-17 "Cuenta 1"
"322" "Centro 3" 78 103 4 145.210571866482 103.448540065438 74 93.8297227025032 89.5539418095723 191 33.5836698766798 159.265040326864 136 125.072578340769 11.9717150460929 134 198.065264057368 164.733463386074 5 81.3514156267047 123.28467653133 2019-11-18 "Cuenta 4"
"323" "Centro 5" 341 292 279 187.545128306374 104.121129447594 95 38.5797085938975 69.5272812619805 56 205.778011470102 170.676505099982 193 193.791216053069 192.369990330189 37 182.110643945634 100.842674495652 173 185.923063009977 88.9989426359534 2019-11-19 "Cuenta 3"
"324" "Centro 3" 128 281 25 155.04070725292 44.8294218629599 16 35.1960359606892 79.05819111038 73 181.550602172501 205.240683443844 121 57.6851228252053 96.3919894304127 88 4.59754993207753 31.3307949807495 122 28.1779067590833 51.1407309677452 2019-11-20 "Cuenta 4"
"325" "Centro 2" 357 296 399 80.0880650756881 143.663445021957 104 16.3403079612181 92.9310510167852 124 72.6973223732784 150.448908470571 120 43.1468369904906 26.4311127830297 131 0.486563798040152 42.742985021323 33 7.55139598622918 27.8741708025336 2019-11-21 "Cuenta 3"
"326" "Centro 2" 484 466 223 131.800402631052 47.5303535349667 144 98.2329779770225 38.7274364940822 84 136.009841202758 244.005287718028 135 29.9343585036695 84.5730609260499 78 108.278055628762 39.4938680808991 172 0.218813214451075 192.885588807985 2019-11-22 "Cuenta 5"
"327" "Centro 5" 71 59 154 31.4755574567243 5.9624828863889 71 27.9115982586518 0.541045190766454 18 58.4788623265922 242.825476173311 120 4.96215834282339 41.5903950575739 57 44.9464376084507 84.4839245546609 75 159.625125303864 44.0500997938216 2019-11-23 "Cuenta 1"
"328" "Centro 5" 353 231 278 58.9750801445916 7.86851667799056 129 19.5326878456399 90.8330191392452 38 153.602901427075 1.51027739048004 67 132.264042692259 60.8123167417943 132 195.136630022898 191.372920107096 55 198.646152112633 81.4679295290262 2019-11-24 "Cuenta 1"
"329" "Centro 4" 250 275 72 84.5817339839414 48.9389279391617 1 80.5575602687895 19.5156644796953 127 117.254438786767 139.220790285617 58 140.664069261402 135.777358431369 14 147.281000483781 12.8451476804912 145 55.9942259918898 61.326210713014 2019-11-25 "Cuenta 3"
"330" "Centro 1" 178 19 110 16.1059745354578 13.4545959532261 190 43.9837181707844 1.44860525615513 189 277.72322720848 69.7084791958332 200 13.694905070588 89.7064890246838 27 129.316934384406 31.4751396887004 178 84.0816360432655 9.44274198263884 2019-11-26 "Cuenta 5"
"331" "Centro 3" 485 103 10 101.079798792489 196.111159119755 185 24.2472879355773 13.4812553180382 198 253.563543059863 395.616655703634 114 100.052125938237 36.0211741644889 62 176.377657661214 107.909622369334 174 37.5165969133377 46.2215139064938 2019-11-27 "Cuenta 3"
"332" "Centro 3" 275 299 112 65.0242761243135 141.323672560975 143 24.4705232791603 41.626084712334 46 250.801879051141 232.152964454144 187 88.4535936638713 130.180091643706 190 142.666917527094 16.0104630980641 46 7.74358189664781 100.44627529569 2019-11-28 "Cuenta 3"
"333" "Centro 1" 404 291 418 193.453040532768 104.552197363228 142 60.3398676495999 83.9942903490737 110 54.3157020583749 352.992709446698 97 195.091544929892 119.670964544639 193 2.85383919253945 55.0108235795051 107 66.9940233230591 133.211955847219 2019-11-29 "Cuenta 2"
"334" "Centro 4" 227 220 263 92.3860756214708 43.5364071279764 91 6.0014916351065 77.429295424372 80 20.2984863426536 130.396847706288 142 192.831567674875 57.1285990532488 76 159.878819389269 188.333076797426 167 153.746707644314 91.3925067987293 2019-11-30 "Cuenta 1"
"335" "Centro 2" 44 111 506 225.677414797246 91.9592686928809 53 36.0426733968779 35.4440642753616 91 32.6946052489802 5.94377713277936 43 117.973435251042 165.284858178347 49 143.726241122931 129.787774803117 83 195.451604574919 149.905142374337 2019-12-01 "Cuenta 5"
"336" "Centro 5" 117 162 68 77.6081744581461 190.848533296958 115 94.6526600979269 41.2836728151888 93 65.2200040407479 20.3227686695755 176 53.1980554573238 119.50689884834 80 94.0455213189125 140.34590786323 100 84.4306321814656 157.907862961292 2019-12-02 "Cuenta 5"
"337" "Centro 5" 415 405 227 106.849630619399 24.5020098052919 127 27.0285294856876 87.9059361992404 160 177.223688922822 65.0313053280115 170 192.728067701682 112.802549824119 165 169.533741287887 68.4138225857168 12 198.411383805797 121.788831567392 2019-12-03 "Cuenta 3"
"338" "Centro 3" 202 410 21 295.136518171057 9.21882349066436 137 34.5751646673307 92.2177795320749 154 261.963713821024 79.7893557697535 128 148.704125406221 152.743983734399 91 57.6416976284236 105.385524313897 91 30.8382919523865 119.918167125434 2019-12-04 "Cuenta 5"
"339" "Centro 2" 101 250 477 279.984392062761 175.647437479347 194 90.3871391667053 77.8261760715395 143 215.980675863102 36.9551147334278 196 65.7915845513344 149.269708944485 61 179.748310754076 71.2457441259176 119 180.268974648789 197.259957622737 2019-12-05 "Cuenta 2"
"340" "Centro 4" 18 379 439 241.141603072174 44.7343321051449 10 22.0726119820029 71.8091043876484 62 202.0295411814 22.8395650163293 102 49.4506194721907 127.645334135741 18 165.422858297825 24.1415567696095 97 50.3322646953166 145.903701242059 2019-12-06 "Cuenta 2"
"341" "Centro 2" 358 320 522 193.034677254036 184.813373629004 195 28.5359550733119 62.2111911419779 199 132.341105374508 253.724180720747 94 45.5318714492023 47.1798521932214 164 21.8846024014056 164.82719508931 8 152.267512306571 5.28616132214665 2019-12-07 "Cuenta 4"
"342" "Centro 1" 165 334 379 227.821883931756 21.7556193470955 0 37.0465579675511 13.9220123179257 26 272.975218808278 75.352955237031 61 173.602795228362 130.591802624986 135 93.8072954770178 189.206766150892 155 103.656119573861 150.857007363811 2019-12-08 "Cuenta 3"
"343" "Centro 2" 383 472 257 108.839728706516 132.837545592338 178 14.6528012584895 94.6537036914378 166 54.0297896135598 246.691248379648 191 72.1910998225212 146.255027037114 50 35.9005111735314 62.3373467475176 151 114.037162065506 53.3715654630214 2019-12-09 "Cuenta 5"
"344" "Centro 4" 462 457 76 149.351323884912 194.87626478076 84 91.8071263236925 41.3913989672437 49 37.5754932174459 295.885165594518 178 53.2246444839984 122.534664859995 28 136.261805519462 64.9592033587396 65 44.8342801071703 99.6467922348529 2019-12-10 "Cuenta 3"
"345" "Centro 4" 422 88 192 87.5610396964476 67.8800358902663 16 48.104356508702 37.6706738257781 135 59.0381240006536 316.186642926186 22 26.0358590167016 12.6858358737081 156 164.752077264711 92.9664656985551 132 10.9695185907185 2.61861644685268 2019-12-11 "Cuenta 3"
"346" "Centro 2" 151 262 585 217.802231968381 92.8482588380575 16 57.2787882294506 55.0257658120245 150 8.02889366168529 205.665632616729 96 0.785752851516008 125.942184403539 63 37.1007665060461 187.310696439818 119 42.7553582936525 70.4217489808798 2019-12-12 "Cuenta 5"
"347" "Centro 5" 220 326 436 26.6886573750526 198.34710531868 99 84.2031866544858 23.9140376681462 118 251.044337335043 311.821082234383 116 141.240556584671 43.8849199563265 72 66.738654114306 85.3336527012289 37 138.199883559719 23.9026124589145 2019-12-13 "Cuenta 3"
"348" "Centro 5" 500 244 173 259.544838429429 173.314277920872 162 50.639930460602 96.6971324989572 130 106.271721096709 324.815659318119 95 189.819217706099 7.30604939162731 102 193.613080959767 114.174793753773 122 67.5826473161578 182.846919540316 2019-12-14 "Cuenta 3"
"349" "Centro 5" 423 78 75 238.982753455639 128.040725179017 100 71.115257195197 98.7211828818545 30 5.86723603773862 208.109633624554 179 38.3528114296496 193.509818241 103 190.922435233369 12.6304636243731 11 186.275053210557 73.7507662270218 2019-12-15 "Cuenta 2"
"350" "Centro 3" 78 299 566 46.2572606513277 109.305578377098 46 38.3345212088898 11.7224882123992 68 152.248292416334 24.0222360938787 111 174.502660613507 142.449756106362 189 176.954322401434 10.1151627488434 93 156.848842604086 58.2323401235044 2019-12-16 "Cuenta 5"
"351" "Centro 4" 386 235 495 103.23408418335 98.4356826171279 56 9.4328633043915 71.0891474736854 7 104.412730992772 151.113550830632 74 9.94938923977315 37.4069388024509 199 115.423126937822 79.4322115834802 108 33.0658052582294 154.903632774949 2019-12-17 "Cuenta 2"
"352" "Centro 4" 238 126 513 61.8359425803646 182.368942396715 186 22.8260189993307 91.0098929423839 180 270.706176362 286.410713754594 196 171.531874593347 7.31431390158832 116 74.5817476417869 105.99382459186 195 47.5449586752802 126.545688835904 2019-12-18 "Cuenta 3"
"353" "Centro 2" 64 464 269 113.892740802839 81.494570709765 178 2.90059507824481 73.1835023965687 136 187.426981399767 334.278470184654 175 51.2982846237719 104.392142174765 88 163.704579789191 54.2569960933179 3 135.816304897889 21.2851244956255 2019-12-19 "Cuenta 1"
"354" "Centro 2" 485 383 491 55.3078673081473 83.3435512613505 18 27.1029989700764 88.8052494032308 186 38.4642929071561 277.786035463214 73 21.2742837145925 163.864984828979 18 162.496380833909 59.1836571227759 136 192.887298483402 153.566931607202 2019-12-20 "Cuenta 1"
"355" "Centro 4" 227 234 297 62.4000346055254 30.5053655523807 169 46.8066929839551 88.1345157278702 131 79.3539910577238 104.067786037922 154 166.769670788199 52.5716027244925 56 55.3420064970851 36.6715673357248 110 154.335618764162 13.9674972742796 2019-12-21 "Cuenta 3"
"356" "Centro 3" 24 214 49 277.629381185398 36.4290231373161 134 67.7468462847173 80.0295229768381 142 243.119429284707 273.344524297863 69 138.404309051111 8.23316145688295 102 187.379944464192 54.8273920081556 190 169.559871219099 84.3694731593132 2019-12-22 "Cuenta 1"
"357" "Centro 4" 133 14 296 101.103928475641 168.954347074032 59 11.7185657378286 89.8241301998496 29 242.691885237582 22.8235864080489 178 197.301040729508 109.616624657065 33 103.350663976744 123.370098788291 200 73.62125008367 124.851273419335 2019-12-23 "Cuenta 4"
"358" "Centro 4" 178 495 211 105.281309760176 14.7327802609652 57 81.2348049134016 56.1098735779524 145 164.600408147089 328.559032827616 140 99.5964041911066 59.8195330705494 5 173.906518705189 112.889109458774 15 74.7530032414943 99.4271336589009 2019-12-24 "Cuenta 4"
"359" "Centro 3" 372 268 287 124.881747993641 135.801122430712 181 84.4259119825438 49.0728972945362 104 58.224663650617 371.868680883199 184 53.9885628502816 184.677915507928 59 87.8505039028823 0.217168964445591 59 155.985451070592 83.9203750248998 2019-12-25 "Cuenta 4"
"360" "Centro 1" 61 284 412 192.650519125164 187.42721430026 39 1.06522138230503 38.5085101006553 64 50.447294767946 325.170944724232 42 154.034154675901 48.5856317449361 69 196.325475117192 88.4968176484108 91 180.015914188698 52.8915664646775 2019-12-26 "Cuenta 3"
"361" "Centro 2" 27 216 368 278.651133785024 71.0322188679129 2 11.1081150593236 31.578983925283 111 125.705517246388 154.289030004293 181 30.1213106606156 27.2446571849287 129 133.049148088321 17.2890140209347 144 29.7483699861914 110.037847142667 2019-12-27 "Cuenta 2"
"362" "Centro 1" 307 245 78 17.7673051133752 148.587697464973 93 58.9240709552541 38.4761762106791 31 100.086307874881 374.106442555785 121 10.1847846526653 171.802693139762 101 32.4267582036555 136.528581799939 180 21.5821422636509 96.7505551408976 2019-12-28 "Cuenta 5"
"363" "Centro 1" 219 335 94 260.833155317232 130.703579960391 99 67.5383685622364 85.9105989104137 31 174.019630788825 154.235706664622 113 32.5218130834401 135.30145464465 85 187.969904951751 34.9828215781599 140 7.71162337623537 142.369714286178 2019-12-29 "Cuenta 3"
"364" "Centro 2" 268 167 167 28.3089753007516 18.7756697181612 17 0.256996764801443 7.21959380898625 132 225.219957064837 54.978996515274 27 11.0575287602842 40.3901707846671 89 77.0435071084648 65.3472903650254 112 12.0929481461644 149.210911523551 2019-12-30 "Cuenta 1"
"365" "Centro 2" 274 89 267 49.2749971104786 37.6372352708131 142 41.3402631878853 37.877505668439 27 124.916451307945 24.6220527216792 184 85.7000621035695 114.788798056543 91 86.2301239743829 140.852574305609 195 133.265488175675 180.275272997096 2019-12-31 "Cuenta 5"
