"Centro De Atención" "Pólizas Nuevas Auto" "Pólizas Renovadas Auto" "Pólizas Auto" "% Ppto Auto" "Cartera Activa Auto" "Interm Activos Auto" "Pólizas Nuevas Fianza" "Pólizas Renovadas Fianza" "Pólizas Fianza" "% Ppto Fianza" "Cartera Activa Fianza" "Interm Activos Fianza" "Pólizas Nuevas Patrimoniales" "Pólizas Renovadas Patrimoniales" "Pólizas Patrimoniales" "% Ppto Patrimoniales" "Cartera Activa Patrimoniales" "Interm Activos Patrimoniales" "Pólizas Nuevas Personas" "Pólizas Renovadas Personas" "Pólizas Personas" "% Ppto Personas" "Cartera Activa Personas" "Interm Activos Personas" "Pólizas Nuevas Salud" "Pólizas Renovadas Salud" "Pólizas Salud" "% Ppto Salud" "Cartera Activa Salud" "Interm Activos Salud" "Pólizas Nuevas General" "Pólizas Renovadas General" "Pólizas General" "% Ppto General" "Cartera Activa General" "Interm Activos General" "fecha" "cuentas_esp"
"1" "Centro 18" 200 150 109 102.316640038043 147 79 170 25 38 116.006089933217 152 38 85 135 69 160.491348290816 158 25 63 64 159 97.0654111355543 30 77 265 23 150 1.09442169778049 5 16 192 103 214 146.378994360566 151 22 2019-01-01 "Cuenta 5"
"2" "Centro 15" 120 43 157 97.2074470948428 34 56 230 14 209 162.773894192651 134 5 258 70 163 122.195909591392 89 98 278 31 155 93.8543705269694 177 99 195 124 57 175.305853178725 186 86 137 81 67 7.18962391838431 195 24 2019-01-02 "Cuenta 5"
"3" "Centro 9" 101 63 169 107.006877288222 149 53 283 74 71 96.1726884357631 165 21 279 114 110 45.2655160799623 53 61 52 135 213 79.6380750369281 159 71 15 43 24 62.2058338019997 178 97 78 6 166 172.792411316186 174 68 2019-01-03 "Cuenta 4"
"4" "Centro 4" 279 149 120 30.0887079443783 87 37 150 113 77 18.5454597696662 200 46 257 125 137 116.574433771893 17 45 63 92 242 191.360935755074 51 85 160 83 5 179.033294413239 92 30 87 57 46 183.516353368759 150 10 2019-01-04 "Cuenta 3"
"5" "Centro 5" 114 148 7 114.28796085529 187 88 246 132 232 12.6840339973569 11 88 252 70 103 181.329195201397 66 20 169 106 79 148.912901710719 57 41 55 61 216 158.95405691117 168 1 177 119 6 105.295342765749 185 92 2019-01-05 "Cuenta 4"
"6" "Centro 6" 281 30 191 147.972946800292 93 1 14 97 59 139.090659003705 121 7 90 139 130 27.9357115272433 108 69 257 129 58 163.727279379964 59 26 208 17 19 159.143693745136 169 44 158 104 118 140.118262404576 41 68 2019-01-06 "Cuenta 3"
"7" "Centro 5" 93 133 9 140.384080866352 30 96 207 46 111 192.801156640053 183 97 73 27 213 125.113840401173 122 78 158 9 208 25.9866685606539 5 88 44 83 203 164.005624921992 12 18 243 104 215 190.401742933318 125 96 2019-01-07 "Cuenta 3"
"8" "Centro 4" 229 71 65 126.808309229091 132 68 187 147 12 6.3402411993593 198 32 24 7 48 86.5436432417482 48 5 28 20 131 11.5651009138674 31 22 109 72 174 127.596027916297 8 69 186 130 44 106.586974998936 31 36 2019-01-08 "Cuenta 2"
"9" "Centro 15" 223 31 8 17.4118190072477 57 25 89 69 75 69.8659604880959 141 79 182 28 133 44.3776301573962 21 50 189 91 243 42.727486602962 145 97 67 3 226 188.778789993376 150 57 237 125 76 132.101590652019 91 37 2019-01-09 "Cuenta 5"
"10" "Centro 4" 182 4 144 91.2233889102936 140 16 182 69 202 53.4665369428694 131 39 253 64 176 16.6328508406878 148 72 64 103 72 190.010081697255 126 94 278 82 44 1.39943277463317 82 3 300 48 25 51.2884307652712 35 63 2019-01-10 "Cuenta 1"
"11" "Centro 12" 268 129 163 55.043850839138 44 61 31 98 55 100.98730744794 147 32 32 125 65 72.8353121783584 188 77 90 68 88 126.675601257011 179 43 284 119 144 139.435892691836 53 63 279 46 234 71.1293693166226 54 46 2019-01-11 "Cuenta 5"
"12" "Centro 11" 63 79 220 146.693895710632 119 67 62 73 207 11.9281287770718 39 99 69 129 1 113.714149501175 78 11 112 150 225 191.112313978374 71 55 247 53 53 87.684564711526 14 48 102 135 193 54.9905131105334 147 27 2019-01-12 "Cuenta 1"
"13" "Centro 11" 200 11 40 154.452316183597 23 13 209 40 124 98.6276780255139 42 49 290 7 159 101.20578687638 20 16 199 126 50 174.684663768858 79 55 265 125 241 82.1657384280115 36 81 265 26 51 32.9849001020193 171 43 2019-01-13 "Cuenta 4"
"14" "Centro 18" 104 29 97 185.621710075065 113 4 264 66 159 128.554807789624 39 32 101 100 231 89.0576919540763 93 14 176 20 194 172.311763698235 91 27 197 33 9 23.3126612845808 51 94 128 27 165 149.117404967546 36 67 2019-01-14 "Cuenta 1"
"15" "Centro 13" 290 32 57 117.07476740703 53 50 104 107 81 65.7520825974643 179 16 265 59 69 1.6156286932528 13 75 73 44 17 35.8138763811439 189 80 281 5 246 137.08463916555 155 35 251 70 2 101.916662231088 68 93 2019-01-15 "Cuenta 2"
"16" "Centro 13" 240 142 59 1.8522446975112 164 41 217 4 61 101.638731174171 53 3 274 81 133 165.775679796934 19 12 66 77 193 135.255022952333 175 65 290 138 130 19.9630624148995 185 97 109 138 152 170.070970477536 147 9 2019-01-16 "Cuenta 5"
"17" "Centro 8" 41 122 216 5.6684847921133 148 88 194 87 201 187.417822517455 100 24 224 22 72 31.1668757349253 88 1 75 51 37 139.057541079819 55 93 185 42 71 49.3174290284514 172 42 37 149 151 10.580896306783 5 70 2019-01-17 "Cuenta 4"
"18" "Centro 11" 92 71 160 121.390483621508 9 64 267 18 127 152.144088130444 92 76 90 81 215 22.1572388429195 35 8 75 38 57 61.0857138875872 168 85 84 148 12 92.6281055435538 194 73 205 30 177 104.459660686553 44 68 2019-01-18 "Cuenta 5"
"19" "Centro 13" 210 64 52 89.8242939263582 94 12 35 26 11 46.5436350088567 185 78 34 7 65 74.060892732814 102 83 11 10 150 38.0063335411251 113 52 207 147 106 162.356264982373 71 17 255 8 91 114.211146393791 10 44 2019-01-19 "Cuenta 1"
"20" "Centro 3" 255 54 95 41.9661964755505 191 78 87 133 94 187.376068439335 156 18 297 9 176 57.9848178196698 169 7 180 71 67 199.639664124697 43 57 235 55 49 196.063201548532 134 84 167 116 202 21.330483769998 19 76 2019-01-20 "Cuenta 1"
"21" "Centro 19" 212 80 107 46.2966525927186 200 22 264 58 50 33.6375443264842 66 71 207 11 43 125.10418468155 147 87 254 16 22 125.542669324204 9 98 184 107 131 26.729627745226 78 10 210 142 214 167.125531379133 88 4 2019-01-21 "Cuenta 1"
"22" "Centro 6" 222 72 105 195.023504365236 186 35 235 34 55 184.184028906748 33 96 247 7 136 131.066339276731 11 86 233 4 248 174.248602660373 147 66 140 127 111 134.767560381442 177 42 270 32 242 62.8525022882968 84 53 2019-01-22 "Cuenta 2"
"23" "Centro 9" 69 131 162 47.2329286858439 186 96 2 104 102 198.165396274999 118 39 159 45 207 194.722697651014 17 78 185 1 231 115.631705941632 109 18 233 88 150 90.2841683477163 74 25 62 142 206 152.451119804755 73 33 2019-01-23 "Cuenta 3"
"24" "Centro 11" 260 131 53 65.5535665340722 177 35 168 36 55 78.2801317516714 120 37 62 142 106 140.145489620045 49 71 116 120 42 38.7293278239667 1 54 25 60 75 36.1539699602872 135 42 76 97 248 182.680414710194 67 38 2019-01-24 "Cuenta 2"
"25" "Centro 2" 168 134 186 89.031895622611 176 27 104 70 33 157.597410585731 106 61 98 48 167 185.117973340675 16 63 246 139 199 141.254370845854 163 9 210 92 235 81.8401089403778 196 57 159 28 195 0.503658642992377 18 10 2019-01-25 "Cuenta 5"
"26" "Centro 1" 266 96 195 162.86786608398 146 44 144 104 4 147.253650007769 137 43 218 136 94 146.625345060602 197 93 184 137 102 132.489106012508 14 8 27 108 124 123.625780781731 37 35 19 115 125 76.7157701775432 173 32 2019-01-26 "Cuenta 1"
"27" "Centro 5" 220 118 63 175.639957562089 182 86 217 35 184 104.034206084907 194 5 25 102 28 161.940491059795 110 84 21 111 187 6.16968269459903 138 45 33 113 47 154.79705366306 187 42 259 9 53 196.957131382078 97 76 2019-01-27 "Cuenta 1"
"28" "Centro 20" 170 42 4 62.1817482635379 152 93 295 97 195 31.5932574216276 162 30 189 105 72 47.01784895733 3 94 14 84 67 99.5014627464116 56 64 31 90 102 141.944660851732 147 22 148 68 226 104.366732900962 48 82 2019-01-28 "Cuenta 3"
"29" "Centro 6" 229 93 152 135.193359199911 4 16 50 139 26 162.089715106413 88 61 158 136 83 9.85116646625102 110 85 87 8 111 180.556828156114 94 68 195 11 247 25.0725239980966 124 91 190 125 39 136.962152970955 1 5 2019-01-29 "Cuenta 2"
"30" "Centro 16" 290 17 224 15.8362126443535 47 17 13 31 219 87.7553971484303 92 98 165 42 207 91.5926012210548 154 82 284 96 27 88.2382872980088 62 92 191 47 100 170.784488413483 26 81 225 122 92 142.763718683273 139 43 2019-01-30 "Cuenta 2"
"31" "Centro 14" 144 111 240 116.954390332103 194 73 82 65 8 10.3371851611882 8 23 58 53 170 58.0239308997989 22 5 162 117 21 166.363984392956 89 10 260 67 141 2.48527810908854 65 23 175 63 236 58.7684852536768 154 13 2019-01-31 "Cuenta 1"
"32" "Centro 18" 193 39 70 46.0440530441701 183 4 270 9 80 113.150092307478 59 50 86 9 74 9.56025207415223 199 13 299 6 204 117.790182866156 47 51 125 111 56 40.0123727507889 30 6 249 66 229 192.81662851572 140 25 2019-02-01 "Cuenta 5"
"33" "Centro 14" 132 93 104 3.59725230373442 107 89 64 14 92 76.8279055133462 134 8 65 64 236 158.5108154919 177 54 269 27 153 148.158537177369 171 27 48 118 111 121.851496212184 192 82 202 135 218 128.034870512784 151 74 2019-02-02 "Cuenta 4"
"34" "Centro 14" 192 72 157 135.577420331538 97 93 17 54 76 97.08590102382 48 11 291 108 96 43.220149166882 41 69 188 125 218 193.275556247681 81 79 184 69 108 86.9010807480663 95 12 43 110 54 185.303558688611 50 48 2019-02-03 "Cuenta 2"
"35" "Centro 13" 250 112 124 153.377136820927 12 55 285 147 230 97.7709281258285 132 56 66 34 190 190.628548944369 46 50 7 21 109 38.7496238108724 132 39 192 5 68 124.01701528579 14 93 124 37 88 183.909616526216 124 97 2019-02-04 "Cuenta 4"
"36" "Centro 2" 100 98 45 28.0945510603487 99 23 103 32 168 114.04633698985 76 35 254 77 102 168.747706478462 65 95 287 80 60 54.4353862758726 164 9 170 132 34 63.4817944373935 81 35 86 119 208 21.6187259647995 46 87 2019-02-05 "Cuenta 4"
"37" "Centro 16" 137 69 142 10.1821859832853 126 43 4 136 24 199.964445410296 82 15 297 123 161 46.3528491090983 127 51 132 13 64 23.3692125882953 52 61 252 12 175 183.100599376485 185 54 110 103 171 161.905787838623 75 4 2019-02-06 "Cuenta 2"
"38" "Centro 2" 282 136 226 43.7236344441772 188 14 16 22 201 180.774694867432 120 100 191 25 212 140.338341193274 90 90 189 149 6 137.320343032479 184 26 81 125 11 109.548928076401 142 43 227 99 26 113.856325438246 52 81 2019-02-07 "Cuenta 4"
"39" "Centro 19" 223 87 115 184.257964463905 135 46 212 111 90 136.814885167405 14 10 229 126 186 48.634285852313 148 81 285 111 21 162.021250557154 26 76 149 39 154 166.606949502602 199 76 256 108 114 54.7022016253322 59 75 2019-02-08 "Cuenta 1"
"40" "Centro 10" 20 16 197 56.8197921384126 187 75 26 141 29 98.2321402523667 167 20 146 130 169 46.36508715339 92 43 197 27 3 22.3769666161388 163 81 73 5 55 189.89691468887 130 31 71 29 135 151.894601341337 42 32 2019-02-09 "Cuenta 5"
"41" "Centro 17" 154 81 1 183.895550435409 144 98 188 47 102 158.815292594954 123 8 237 54 43 28.7182685453445 165 10 261 44 86 182.051309943199 127 92 20 117 17 83.4663653280586 183 93 258 23 140 52.3334615398198 44 43 2019-02-10 "Cuenta 3"
"42" "Centro 19" 168 139 222 124.603078374639 46 51 109 109 110 25.9121234994382 184 33 255 145 188 44.8497390374541 191 90 223 61 181 31.7437308840454 39 34 25 98 75 128.012401191518 185 4 276 40 185 183.779233228415 200 47 2019-02-11 "Cuenta 2"
"43" "Centro 15" 251 48 236 33.6029818747193 18 48 200 7 93 85.2032493799925 156 44 80 81 5 174.887599004433 49 95 32 92 123 35.0241825450212 92 97 284 63 67 126.2082147412 66 16 202 64 147 184.571807878092 183 27 2019-02-12 "Cuenta 1"
"44" "Centro 14" 184 31 209 89.993719290942 71 74 299 75 207 116.403584880754 6 84 223 61 113 108.200495550409 92 50 173 27 203 27.7268917765468 191 60 126 70 207 63.9276908710599 34 22 218 91 157 26.4391303993762 96 48 2019-02-13 "Cuenta 4"
"45" "Centro 1" 184 100 181 80.2882980555296 108 9 281 107 230 77.2589154075831 100 41 300 112 77 186.234212340787 160 81 128 107 49 36.556179728359 121 9 68 8 171 194.759097835049 153 17 60 138 195 175.537260062993 27 31 2019-02-14 "Cuenta 2"
"46" "Centro 1" 173 30 20 109.840877959505 132 41 73 111 33 22.87313262932 157 11 64 86 153 109.351564664394 184 37 300 43 240 42.0886481180787 172 80 264 35 11 129.287983337417 18 68 93 3 230 49.5453108567744 28 71 2019-02-15 "Cuenta 4"
"47" "Centro 15" 98 124 215 126.464823121205 40 84 214 80 225 110.38173083216 199 48 190 117 155 143.033275054768 37 27 230 111 105 166.998588107526 188 89 61 136 111 155.692279478535 121 34 148 114 129 128.879437875003 100 14 2019-02-16 "Cuenta 1"
"48" "Centro 6" 195 50 54 135.52362639457 81 66 201 123 89 27.9078620951623 51 6 212 29 5 135.726079205051 89 88 14 30 142 61.5364936646074 118 30 21 14 54 71.1252712644637 166 34 80 39 91 136.795669281855 82 18 2019-02-17 "Cuenta 2"
"49" "Centro 19" 118 141 219 33.1885535735637 35 12 177 41 91 5.46213346533477 6 58 57 84 40 19.3920961115509 177 97 32 82 147 146.924459654838 91 61 41 50 215 144.111978169531 28 97 181 89 12 69.8556186631322 33 81 2019-02-18 "Cuenta 1"
"50" "Centro 6" 230 49 119 9.68167125247419 186 14 176 53 107 148.155108140782 50 57 155 122 205 186.144212260842 32 42 122 100 247 181.232280656695 191 97 172 66 230 187.042443780228 2 9 29 17 144 102.48137046583 7 99 2019-02-19 "Cuenta 3"
"51" "Centro 20" 3 69 184 115.505067352206 24 68 271 14 185 157.168624503538 197 58 255 127 182 88.8301273807883 106 43 115 118 18 134.687954001129 120 55 206 63 18 39.3864664249122 116 66 89 145 19 19.112396473065 147 91 2019-02-20 "Cuenta 5"
"52" "Centro 12" 146 75 58 191.22255560942 27 73 222 96 84 172.320448281243 135 52 294 12 78 182.549980888143 129 61 232 103 173 70.6241645850241 197 59 274 31 98 137.789381714538 89 20 243 103 114 97.7517845109105 157 13 2019-02-21 "Cuenta 3"
"53" "Centro 18" 200 48 87 105.669558234513 126 40 112 43 9 45.2090638224036 99 90 248 16 177 45.668090833351 60 62 57 48 218 25.3809734247625 198 70 115 66 141 104.145244508982 50 64 89 94 29 176.910260878503 73 22 2019-02-22 "Cuenta 4"
"54" "Centro 10" 170 55 63 106.494399253279 92 99 137 143 230 56.466346187517 68 21 89 146 17 147.682119486853 17 98 260 61 31 50.0839293468744 40 29 175 67 143 141.697373148054 117 6 237 58 114 91.7229664046317 176 72 2019-02-23 "Cuenta 4"
"55" "Centro 17" 179 120 134 69.1847897600383 198 77 274 61 61 134.927534637973 180 84 137 115 151 87.4822788406163 129 57 89 98 74 178.541169455275 14 54 67 48 199 93.8460782635957 74 21 239 133 72 138.298405800015 171 37 2019-02-24 "Cuenta 4"
"56" "Centro 1" 126 118 162 28.4683380741626 58 72 123 38 98 49.3320728652179 158 54 183 70 77 169.851647643372 197 12 221 127 149 189.083094708622 158 47 286 3 183 7.546591386199 16 3 168 144 62 84.2890394851565 136 27 2019-02-25 "Cuenta 3"
"57" "Centro 19" 181 30 61 86.3725268281996 185 85 211 54 151 162.830706685781 61 18 69 30 190 79.562925780192 114 16 48 10 174 161.403213534504 29 61 238 88 103 78.6112766247243 6 83 30 141 6 135.175469750538 182 42 2019-02-26 "Cuenta 2"
"58" "Centro 11" 21 140 153 113.762729242444 98 89 27 5 139 108.671709476039 18 95 12 131 52 74.5593648869544 54 48 197 22 102 102.82484497875 7 46 180 115 199 149.71052207984 85 16 46 23 139 130.09246122092 82 94 2019-02-27 "Cuenta 5"
"59" "Centro 6" 115 83 40 143.545740284026 183 30 67 79 48 61.1361767165363 104 44 76 99 146 54.9384267069399 91 66 281 117 221 14.3910557962954 200 60 49 39 214 114.049655152485 146 60 58 86 55 74.1900894790888 5 34 2019-02-28 "Cuenta 1"
"60" "Centro 15" 268 150 43 168.678535614163 171 6 178 84 10 18.5311612673104 179 96 218 75 192 170.654516993091 52 72 87 99 27 115.259199449793 156 53 292 50 209 92.7137159742415 132 34 198 144 1 91.2512694485486 102 97 2019-03-01 "Cuenta 2"
"61" "Centro 20" 138 23 188 16.7731248307973 88 87 2 51 115 114.970856439322 121 48 15 21 17 90.4246103484184 160 44 142 1 134 138.790343608707 25 58 96 22 125 71.382715832442 90 39 78 48 113 54.0230160579085 28 78 2019-03-02 "Cuenta 1"
"62" "Centro 18" 241 132 212 105.944124702364 153 28 273 48 87 189.685045648366 52 35 55 104 228 6.43710438162088 123 19 292 82 88 179.589282441884 169 96 34 127 224 82.306345179677 20 17 73 16 132 32.9515515826643 164 46 2019-03-03 "Cuenta 2"
"63" "Centro 2" 21 138 178 79.7959234099835 155 29 232 37 65 9.81480684131384 151 13 109 50 26 133.537103096023 135 53 152 60 178 136.539355106652 163 18 79 33 45 81.9675266742706 46 87 179 135 204 43.8269877340645 53 42 2019-03-04 "Cuenta 5"
"64" "Centro 6" 2 115 218 40.6072177458555 152 25 183 119 186 111.910782661289 26 16 17 51 56 26.3894913718104 143 10 230 96 246 181.850481405854 200 24 282 75 165 161.977552995086 172 54 12 62 146 137.990210298449 126 11 2019-03-05 "Cuenta 2"
"65" "Centro 16" 185 95 242 160.947047779337 104 58 200 89 39 14.2481074668467 31 25 153 111 197 142.061476362869 61 51 80 77 101 169.680080376565 4 56 47 140 162 137.005597166717 170 27 13 52 41 157.107958151028 79 25 2019-03-06 "Cuenta 4"
"66" "Centro 5" 249 107 7 183.53399541229 47 37 16 12 49 31.0041117481887 34 38 36 54 247 133.338091382757 85 25 247 15 179 167.064731568098 110 69 114 11 176 132.862647529691 86 53 14 150 36 173.035976430401 11 53 2019-03-07 "Cuenta 3"
"67" "Centro 11" 160 28 183 101.120845926926 53 54 53 19 92 36.1881870310754 103 98 83 43 2 191.85413881205 5 38 129 126 11 95.0428354088217 8 62 156 113 99 114.035236556083 67 13 34 147 70 84.7529416438192 164 30 2019-03-08 "Cuenta 3"
"68" "Centro 2" 300 26 6 71.8859446235001 63 48 30 106 185 136.403220612556 184 51 83 132 15 100.479453476146 174 29 277 32 54 142.024630913511 87 98 20 126 178 108.462919527665 109 91 137 38 41 106.697247782722 8 57 2019-03-09 "Cuenta 5"
"69" "Centro 17" 34 103 2 59.7506661899388 153 1 217 80 194 146.278006443754 67 94 98 10 5 9.8997029941529 83 31 253 45 209 124.367990344763 32 42 139 143 15 138.517409283668 116 62 273 33 172 92.4061055295169 88 12 2019-03-10 "Cuenta 1"
"70" "Centro 1" 244 57 165 65.2213742956519 3 80 255 56 144 134.72763528116 193 21 262 93 124 150.06110961549 16 98 169 27 105 113.771117804572 27 53 229 145 88 163.393860636279 50 29 62 20 95 38.0825284868479 191 37 2019-03-11 "Cuenta 5"
"71" "Centro 19" 233 42 235 36.189530370757 25 58 6 78 248 95.1446158345789 152 97 261 86 231 167.225511791185 199 50 83 65 43 21.7833863105625 105 28 231 10 224 3.70710338465869 90 12 251 23 205 87.3370515648276 195 86 2019-03-12 "Cuenta 5"
"72" "Centro 16" 192 19 173 129.011012660339 143 80 243 129 223 20.7529937848449 77 63 282 55 17 124.231149582192 151 29 136 116 118 8.08007945306599 54 47 1 143 246 140.176333161071 46 72 58 61 204 157.452476909384 188 70 2019-03-13 "Cuenta 4"
"73" "Centro 14" 183 144 145 0.0822805799543858 64 78 241 31 146 24.5006885845214 69 46 293 23 85 126.279078610241 34 27 33 138 12 178.216070123017 118 21 150 63 70 53.6530550569296 97 80 236 83 89 89.922072738409 133 97 2019-03-14 "Cuenta 1"
"74" "Centro 1" 174 30 203 30.4770039860159 48 91 69 36 122 76.194558525458 27 53 217 98 193 23.642258439213 42 5 171 99 37 26.7031862866133 49 83 42 134 168 5.59799550101161 137 68 27 33 240 165.754563780501 63 61 2019-03-15 "Cuenta 4"
"75" "Centro 4" 173 35 158 114.835651498288 198 70 251 26 236 83.5745275020599 1 94 36 37 20 4.63826032355428 95 70 282 27 8 113.206792576239 185 51 113 94 226 3.98005843162537 109 79 78 13 105 133.968393132091 16 62 2019-03-16 "Cuenta 1"
"76" "Centro 5" 136 127 101 89.2937205731869 24 6 16 32 198 166.745136165991 127 95 289 28 135 164.428856177256 175 12 213 108 233 131.668288260698 49 54 200 146 167 5.31396493315697 109 5 257 125 75 170.730567444116 156 33 2019-03-17 "Cuenta 4"
"77" "Centro 11" 237 10 89 159.052482480183 2 19 300 25 27 59.9941040854901 121 30 275 107 200 106.313622836024 190 66 238 19 179 141.385166766122 94 29 14 66 185 21.2972253095359 21 64 127 125 69 156.772363279015 109 3 2019-03-18 "Cuenta 4"
"78" "Centro 1" 55 14 231 165.877320151776 93 21 248 87 67 139.613094367087 15 66 35 25 36 196.495121018961 160 82 111 6 202 163.917348720133 136 44 166 46 49 91.617746418342 59 23 161 65 105 34.2297327704728 199 53 2019-03-19 "Cuenta 2"
"79" "Centro 15" 96 86 35 10.1116837467998 164 26 229 71 239 176.682282239199 63 34 90 103 104 10.0590821821243 197 99 264 5 129 68.2089644018561 118 26 155 89 155 37.4839491210878 79 79 292 42 181 79.4868363067508 175 66 2019-03-20 "Cuenta 1"
"80" "Centro 6" 143 32 130 116.67386922054 100 24 91 9 149 121.012609591708 149 15 149 129 178 70.1953856740147 15 15 206 9 116 151.943296287209 149 98 161 75 15 119.570114323869 147 19 17 49 7 78.9065657183528 181 54 2019-03-21 "Cuenta 2"
"81" "Centro 7" 108 126 233 108.255029655993 65 63 267 34 36 196.16081379354 2 90 279 70 60 147.845964925364 27 77 43 2 40 190.962723828852 58 11 146 68 189 101.85849419795 39 16 260 31 122 192.623215680942 41 60 2019-03-22 "Cuenta 4"
"82" "Centro 19" 171 61 63 31.672550085932 43 92 249 127 87 165.94103933312 10 39 27 83 217 118.749682791531 145 67 153 65 93 140.868351655081 186 42 4 143 221 27.2092116996646 144 76 151 126 114 108.059296710417 88 27 2019-03-23 "Cuenta 2"
"83" "Centro 14" 261 140 187 197.480566799641 113 62 172 3 15 121.447169454768 147 27 242 29 192 52.0678220316768 168 48 94 111 39 159.353731479496 167 4 82 143 40 193.303572898731 91 49 134 125 63 155.644876509905 126 31 2019-03-24 "Cuenta 2"
"84" "Centro 1" 180 73 20 47.1655135042965 38 78 21 117 28 197.711682179943 199 74 99 69 117 78.1159612815827 78 79 106 150 44 148.044768115506 125 56 254 122 126 8.8245574850589 165 91 246 80 146 44.3524235393852 95 24 2019-03-25 "Cuenta 1"
"85" "Centro 17" 51 63 166 98.1939478311688 179 72 123 1 208 140.651228278875 146 5 194 54 61 139.782947860658 154 1 192 103 92 194.094637408853 31 85 70 19 57 155.500210216269 113 61 65 59 108 114.956363895908 111 93 2019-03-26 "Cuenta 4"
"86" "Centro 18" 283 136 49 132.061153138056 200 97 271 94 145 113.144014542922 75 74 88 27 163 186.609184229746 169 47 170 149 85 148.764920420945 12 73 293 23 225 151.88907738775 129 95 23 55 242 93.5763788875192 127 33 2019-03-27 "Cuenta 5"
"87" "Centro 13" 43 50 25 75.3100660163909 72 100 206 51 18 18.5812014620751 41 28 213 1 57 166.132483398542 168 92 291 32 128 109.163585258648 113 25 256 29 90 3.92515328712761 127 31 286 34 63 94.4303993135691 164 36 2019-03-28 "Cuenta 4"
"88" "Centro 14" 246 48 157 3.39426691643894 164 9 181 87 237 179.668507166207 79 70 50 135 69 172.330094315112 119 56 116 57 66 81.7468764726073 187 32 251 28 25 121.225995197892 36 81 283 138 52 27.5988452136517 49 6 2019-03-29 "Cuenta 2"
"89" "Centro 14" 9 52 248 135.049587674439 74 93 48 143 195 31.8296475335956 62 54 172 69 235 95.8190710749477 182 31 199 38 170 8.03759098052979 12 34 201 103 4 129.335930943489 164 42 233 102 126 160.281447460875 7 93 2019-03-30 "Cuenta 3"
"90" "Centro 16" 10 38 151 104.436532920226 6 20 253 140 58 35.508904280141 103 73 183 14 222 29.425591789186 162 39 254 23 159 193.548861891031 156 17 262 140 127 139.493379369378 29 65 125 143 144 26.4156844932586 153 72 2019-03-31 "Cuenta 3"
"91" "Centro 18" 283 100 14 70.0501915067434 58 100 211 8 223 9.72827412188053 126 3 5 108 228 128.369831945747 163 24 291 71 72 12.5266647431999 70 32 118 105 199 48.5083927866071 48 40 157 79 36 65.1405540294945 57 62 2019-04-01 "Cuenta 5"
"92" "Centro 10" 35 52 74 84.7181350458413 1 24 47 102 219 25.7862524595112 172 38 18 111 208 67.3533156048506 137 30 105 62 67 74.3213620502502 126 57 56 73 17 104.1915000882 143 60 172 146 227 141.044714907184 197 56 2019-04-02 "Cuenta 2"
"93" "Centro 12" 172 117 42 179.996286844835 69 59 258 106 226 196.280222246423 93 48 186 87 199 70.3029417898506 41 67 108 10 150 148.254567245021 138 99 195 62 182 114.63398039341 4 87 26 35 72 176.519917603582 76 29 2019-04-03 "Cuenta 4"
"94" "Centro 8" 258 71 80 189.579142490402 173 45 50 32 102 106.938653998077 49 58 138 31 205 162.714695557952 90 57 96 132 86 11.4016095642 193 77 231 117 180 23.4869584441185 140 61 137 78 109 81.2655220739543 32 95 2019-04-04 "Cuenta 3"
"95" "Centro 20" 234 50 39 66.7893935926259 169 33 135 134 81 124.070559768006 60 78 238 74 84 148.643375979736 169 12 235 16 33 159.228677488863 181 69 31 93 203 101.201539672911 165 77 68 18 230 76.2555256020278 175 19 2019-04-05 "Cuenta 4"
"96" "Centro 4" 112 39 152 41.0011634230614 155 84 148 118 185 119.50881020166 62 87 7 53 112 102.6112370193 139 50 181 86 66 24.5946139562875 61 27 161 25 35 195.520357042551 151 68 107 66 71 126.865170244128 132 20 2019-04-06 "Cuenta 2"
"97" "Centro 10" 38 11 33 44.5661136880517 70 50 114 92 174 0.16970643773675 20 36 14 144 48 74.3960157968104 9 99 10 150 19 151.391254877672 95 27 2 140 238 10.7167304959148 112 36 6 104 139 53.9030238986015 184 24 2019-04-07 "Cuenta 5"
"98" "Centro 6" 188 31 91 33.9909500442445 94 87 133 31 70 195.914932573214 16 66 192 14 43 135.110680945218 26 91 155 30 248 61.536251893267 150 84 261 56 216 73.2280796393752 81 6 26 17 182 148.821282712743 198 16 2019-04-08 "Cuenta 1"
"99" "Centro 9" 31 57 29 32.8820565249771 4 15 97 73 115 62.2011721599847 109 19 167 110 184 128.180737420917 131 29 151 142 98 122.690379759297 38 53 181 77 100 11.495848512277 11 55 190 147 32 64.2582253552973 140 9 2019-04-09 "Cuenta 1"
"100" "Centro 10" 184 122 18 184.884664742276 157 90 139 17 68 84.9631967488676 16 94 113 82 228 79.7855401411653 178 32 180 121 180 182.072348333895 144 37 92 124 51 153.034364292398 132 76 293 36 148 162.860934343189 20 67 2019-04-10 "Cuenta 3"
"101" "Centro 5" 48 35 191 70.9205644670874 145 62 115 96 127 61.0022683162242 31 13 77 112 234 51.8531684298068 41 43 143 18 65 162.907644640654 198 15 149 22 193 75.3793166484684 179 25 171 100 127 106.770538305864 156 14 2019-04-11 "Cuenta 2"
"102" "Centro 16" 94 85 56 108.338702470064 18 31 42 74 122 7.69361066631973 122 48 286 116 22 196.989253023639 158 26 122 5 225 173.202555766329 182 90 43 116 2 41.3284206297249 107 56 186 10 96 155.813499819487 22 85 2019-04-12 "Cuenta 4"
"103" "Centro 5" 216 44 1 37.8866425249726 147 47 60 65 138 48.067104164511 93 76 55 116 150 120.550816878676 61 26 84 31 45 54.7441787086427 124 99 105 137 192 86.6101796273142 154 91 112 73 43 162.789170909673 118 52 2019-04-13 "Cuenta 5"
"104" "Centro 6" 115 84 90 87.6650620717555 123 45 196 66 150 115.286034299061 95 52 202 125 147 8.50109159946442 160 5 238 19 213 2.44094706140459 110 54 215 116 214 190.51992027089 176 4 109 112 116 3.85035332292318 85 2 2019-04-14 "Cuenta 1"
"105" "Centro 11" 36 43 221 135.08791741915 169 63 230 27 146 87.0697366073728 25 4 183 125 230 63.8116435147822 179 16 159 69 174 79.3260632548481 62 71 75 35 41 129.41830502823 54 93 246 122 198 59.9331025499851 187 45 2019-04-15 "Cuenta 4"
"106" "Centro 9" 166 138 141 43.340022675693 85 85 143 21 60 180.935054086149 135 68 272 1 197 38.6773284059018 9 65 236 39 181 70.6197141204029 116 99 272 102 145 122.973586572334 89 7 147 1 93 179.498613299802 4 82 2019-04-16 "Cuenta 3"
"107" "Centro 18" 151 17 120 136.876582959667 174 58 200 5 142 128.195025585592 7 4 20 6 245 18.2355324737728 55 99 19 138 26 98.8072882406414 84 63 100 91 110 24.3430821225047 172 76 238 107 106 189.049336779863 194 49 2019-04-17 "Cuenta 1"
"108" "Centro 9" 153 21 196 7.89412814192474 142 95 275 82 16 22.7301684208214 30 72 193 103 84 139.38937666826 174 94 278 13 104 58.2623378839344 66 32 255 105 162 5.21050598472357 89 7 176 59 120 155.134463775903 146 35 2019-04-18 "Cuenta 4"
"109" "Centro 1" 207 65 152 110.755096469074 30 19 81 11 200 129.454968450591 81 68 39 69 176 97.4521193653345 187 82 191 72 109 93.8755207695067 87 27 218 33 60 8.94004418514669 138 56 195 22 238 11.6854201536626 103 89 2019-04-19 "Cuenta 1"
"110" "Centro 10" 118 101 20 131.856205547228 71 5 231 100 15 184.886575536802 1 62 187 101 21 38.0778961349279 27 18 206 9 131 108.913179021329 4 82 88 125 20 139.366566995159 79 58 201 128 137 192.363529745489 182 34 2019-04-20 "Cuenta 5"
"111" "Centro 13" 211 10 72 37.8859757445753 199 98 158 103 49 133.111795503646 169 14 88 12 59 181.406829413027 97 54 27 72 71 184.454030543566 48 83 59 94 27 8.07297467254102 146 100 237 16 89 132.402359694242 3 76 2019-04-21 "Cuenta 5"
"112" "Centro 16" 196 136 226 106.935292063281 48 87 235 121 232 137.998685380444 82 31 200 137 241 143.693506903946 194 61 197 142 210 100.171203492209 163 14 194 54 83 95.7919757813215 136 31 13 37 234 111.415208736435 113 87 2019-04-22 "Cuenta 2"
"113" "Centro 19" 251 77 8 6.34628338739276 137 78 221 42 64 58.2782257348299 120 69 38 23 10 122.334651881829 37 1 17 52 22 139.120701467618 50 29 140 108 81 13.0352299660444 31 21 155 76 71 188.901145895943 155 48 2019-04-23 "Cuenta 3"
"114" "Centro 9" 92 119 121 171.277200430632 16 98 196 71 105 115.445839939639 57 98 21 50 131 157.691430300474 5 64 84 53 30 94.8467393405735 59 49 129 59 208 106.135010765865 138 14 296 138 239 72.2203930374235 74 74 2019-04-24 "Cuenta 5"
"115" "Centro 4" 159 143 229 167.649352876469 24 79 120 123 16 49.7995249927044 198 67 201 148 40 170.822971872985 185 4 195 107 144 118.65525720641 78 99 248 8 30 5.08057768456638 8 1 277 54 247 72.8916806634516 88 14 2019-04-25 "Cuenta 4"
"116" "Centro 6" 13 78 66 70.8587934728712 134 41 174 14 2 168.475315487012 151 40 235 133 26 20.8365921396762 30 82 71 110 112 103.453783271834 26 69 42 20 153 88.5895377490669 111 28 119 72 241 60.9814484603703 184 59 2019-04-26 "Cuenta 5"
"117" "Centro 6" 59 120 108 190.25164404884 7 25 152 144 51 144.727587653324 152 56 259 108 95 96.6509228106588 58 7 50 144 48 152.469546115026 53 30 230 49 176 107.820268208161 190 48 53 105 171 29.9853852018714 166 27 2019-04-27 "Cuenta 2"
"118" "Centro 8" 262 144 32 64.2465147655457 70 94 152 27 12 106.140743754804 17 86 127 50 178 28.7062066141516 119 9 45 62 141 185.941116977483 6 88 266 78 145 124.715960165486 18 22 121 132 3 170.862875692546 93 34 2019-04-28 "Cuenta 2"
"119" "Centro 12" 297 71 196 46.1980454623699 82 67 242 131 147 122.702878480777 104 10 269 107 245 108.625208726153 28 55 128 97 169 54.8195325303823 3 75 243 65 22 136.143172113225 87 42 233 59 43 133.557752612978 25 23 2019-04-29 "Cuenta 4"
"120" "Centro 11" 291 117 169 86.4336586557329 128 67 287 72 138 29.1076167952269 50 3 12 69 83 127.667067479342 13 43 116 140 98 109.743858873844 100 52 85 82 157 135.688723949715 154 9 7 2 170 61.9379078969359 86 82 2019-04-30 "Cuenta 3"
"121" "Centro 13" 160 115 244 126.612595329061 33 53 167 70 72 137.641582079232 12 42 184 132 96 160.213370854035 6 71 142 15 187 37.9458530806005 164 31 146 60 116 132.616205187514 16 56 60 126 126 60.703029576689 39 14 2019-05-01 "Cuenta 3"
"122" "Centro 1" 162 59 70 148.054233100265 81 37 156 5 132 134.510261798277 16 98 19 2 194 191.891356417909 103 5 7 85 167 177.105359872803 69 33 202 39 36 59.9769833497703 70 52 264 53 22 73.08340058662 182 42 2019-05-02 "Cuenta 2"
"123" "Centro 4" 207 116 27 104.854669002816 143 68 284 97 22 8.8638752233237 123 63 56 103 107 190.76463081874 83 85 120 51 225 80.1713832654059 102 46 125 130 134 135.416604951024 63 12 96 128 56 114.618980046362 161 1 2019-05-03 "Cuenta 4"
"124" "Centro 2" 268 55 24 149.935057666153 182 82 166 33 114 106.464702030644 81 95 291 116 136 92.9937123320997 105 9 153 47 70 14.5851102657616 95 9 276 70 91 62.5344421248883 176 64 138 125 157 73.3011131174862 127 14 2019-05-04 "Cuenta 4"
"125" "Centro 8" 154 32 87 44.4977214094251 98 74 146 20 208 4.76281298324466 18 13 226 40 32 57.3156666476279 164 43 126 56 148 27.2594297770411 42 23 110 1 150 109.406758099794 176 8 28 62 24 73.0388992466033 100 84 2019-05-05 "Cuenta 2"
"126" "Centro 6" 246 148 153 4.29967059753835 35 96 44 125 61 10.0079682655632 139 82 228 68 8 197.157807182521 152 10 33 76 133 185.255263512954 84 3 158 105 116 10.1933955214918 72 97 22 77 58 92.5362196285278 37 72 2019-05-06 "Cuenta 2"
"127" "Centro 16" 159 52 168 71.4834907092154 170 97 257 129 195 98.3551742974669 53 95 258 138 219 12.0344090275466 175 62 292 6 235 188.889085734263 24 60 158 149 112 46.6838207095861 7 49 298 144 141 44.8667562101036 124 23 2019-05-07 "Cuenta 5"
"128" "Centro 7" 290 31 42 139.492828352377 181 24 295 85 69 38.9983433764428 77 24 177 13 138 34.6031956840307 157 26 232 10 85 198.751791240647 125 97 226 41 199 184.971780935302 75 50 130 14 12 67.7353185135871 182 76 2019-05-08 "Cuenta 5"
"129" "Centro 14" 269 44 110 162.590847257525 9 26 167 150 9 85.5009254533798 125 12 240 101 148 186.746233096346 68 64 293 123 57 62.4047424178571 99 64 65 47 221 13.9680385123938 49 57 84 21 145 13.499418227002 80 1 2019-05-09 "Cuenta 2"
"130" "Centro 15" 24 106 157 180.52952461876 83 73 118 136 160 13.8585601001978 34 97 172 124 221 170.634528715163 156 46 221 101 144 178.957167128101 40 37 270 72 81 81.8717422895133 75 39 132 13 80 0.39759948849678 50 72 2019-05-10 "Cuenta 2"
"131" "Centro 17" 169 51 146 165.249731810763 23 72 168 97 141 37.7472629770637 115 29 151 55 125 192.062406241894 110 46 121 27 133 16.0639400593936 154 58 43 102 15 64.0632332768291 155 41 67 97 144 159.088394697756 47 13 2019-05-11 "Cuenta 5"
"132" "Centro 10" 71 112 170 28.6385584622622 62 92 140 108 103 177.140013547614 68 6 36 9 109 160.443527437747 58 65 144 106 165 141.050971345976 193 64 237 97 178 119.289235537872 158 39 76 92 37 82.411057734862 70 30 2019-05-12 "Cuenta 3"
"133" "Centro 9" 235 120 214 177.952196262777 173 66 242 54 204 64.2611692193896 144 51 27 68 7 138.842096365988 61 81 51 113 89 140.355315012857 9 85 77 31 157 93.5708479955792 17 45 6 15 190 52.5578733533621 190 99 2019-05-13 "Cuenta 1"
"134" "Centro 17" 153 136 35 62.1229007840157 85 62 156 68 167 48.3658745884895 54 2 158 91 66 184.278182731941 33 50 56 81 3 14.975454704836 183 33 67 147 58 17.23075308837 128 86 198 115 4 7.04877753742039 24 42 2019-05-14 "Cuenta 1"
"135" "Centro 20" 233 109 19 21.142978547141 33 89 167 77 17 126.041844813153 71 57 159 38 146 61.4468105137348 86 7 290 24 31 67.0125629287213 49 88 194 60 80 32.2596748825163 138 68 103 99 178 64.1115474049002 100 43 2019-05-15 "Cuenta 4"
"136" "Centro 7" 103 20 99 99.3973364122212 45 94 107 27 108 192.365442542359 176 33 265 33 105 26.4120709616691 104 22 215 8 218 35.2151320781559 82 58 9 112 152 87.4518037308007 102 81 211 44 25 187.023286381736 87 76 2019-05-16 "Cuenta 1"
"137" "Centro 16" 233 68 79 192.730977712199 147 7 110 89 118 132.064961874858 66 21 91 28 203 3.81134692579508 56 36 237 39 167 50.4759175702929 54 58 158 87 4 109.900812851265 119 28 289 83 125 28.8659348618239 57 11 2019-05-17 "Cuenta 2"
"138" "Centro 17" 179 60 170 162.888616370037 134 44 28 78 230 147.407589340582 12 34 28 56 39 127.619695058092 172 76 205 110 77 59.0775379911065 106 78 55 26 195 41.5521052200347 151 51 32 99 49 111.689465260133 68 80 2019-05-18 "Cuenta 4"
"139" "Centro 14" 293 119 70 33.0346080008894 101 83 53 128 11 9.28356857039034 30 97 275 137 195 162.860710546374 24 12 295 135 133 198.983772145584 107 64 126 72 238 35.629093600437 118 91 127 125 165 2.31133196502924 163 51 2019-05-19 "Cuenta 5"
"140" "Centro 13" 65 55 104 102.807590086013 185 43 226 7 105 146.857989719138 15 31 71 96 196 66.8371466454118 165 93 188 117 74 88.2205221336335 125 93 2 22 58 106.657304614782 180 84 45 120 7 63.0477926693857 75 4 2019-05-20 "Cuenta 5"
"141" "Centro 18" 281 104 215 125.038797035813 2 22 242 121 26 26.7216751351953 25 19 64 111 161 198.811089480296 47 13 267 72 75 85.0974873173982 109 56 271 3 8 103.216168610379 58 74 270 48 84 2.82997447066009 18 33 2019-05-21 "Cuenta 5"
"142" "Centro 10" 74 97 248 188.937482563779 108 92 228 37 49 62.8947099205106 50 98 242 19 246 65.9628683235496 134 70 106 133 115 172.515589278191 181 13 51 79 188 28.6996781826019 132 78 42 2 128 162.566686281934 153 50 2019-05-22 "Cuenta 4"
"143" "Centro 6" 261 75 141 42.5726077985018 88 31 54 112 221 14.2879267688841 111 9 178 68 13 6.55856123194098 160 90 249 96 42 183.293946273625 131 34 256 68 173 137.655572360381 55 68 229 40 175 178.94389051944 90 2 2019-05-23 "Cuenta 1"
"144" "Centro 19" 72 146 202 83.3688254933804 131 37 144 50 220 64.4988720770925 126 90 275 76 248 77.7668390423059 177 70 15 4 134 175.145112257451 142 36 11 114 173 92.2108522616327 112 91 156 16 207 100.07816250436 175 58 2019-05-24 "Cuenta 2"
"145" "Centro 2" 125 43 151 122.430232120678 117 85 210 86 140 4.91052260622382 91 86 292 27 131 139.720029942691 74 1 156 42 209 67.2932199202478 1 8 179 102 3 157.686142716557 29 11 143 63 204 66.5953950956464 14 95 2019-05-25 "Cuenta 4"
"146" "Centro 17" 166 97 80 137.970898952335 44 24 279 71 248 27.9419286176562 52 78 13 94 119 4.0720630902797 106 60 175 52 49 4.50087790377438 7 6 285 43 11 67.4082997720689 100 28 62 24 153 68.769296631217 115 69 2019-05-26 "Cuenta 2"
"147" "Centro 10" 61 86 104 165.730135934427 61 73 188 44 235 144.072860572487 108 27 165 17 107 164.832324301824 115 55 246 54 129 107.230887096375 143 5 80 17 1 123.380742315203 13 28 213 57 127 196.687334449962 97 42 2019-05-27 "Cuenta 5"
"148" "Centro 11" 208 48 233 152.108506159857 184 78 194 1 193 81.8354043643922 105 64 98 78 63 164.339693775401 193 38 4 90 56 150.896845990792 1 84 134 53 48 132.675213227049 185 9 264 50 172 45.2334752306342 21 48 2019-05-28 "Cuenta 1"
"149" "Centro 17" 214 5 123 112.195060681552 100 36 58 17 49 61.857185093686 180 2 156 16 87 185.71484615095 192 38 91 67 86 153.047675266862 149 65 264 93 223 20.2630863990635 22 81 154 21 205 55.481589352712 59 52 2019-05-29 "Cuenta 5"
"150" "Centro 5" 226 72 87 147.39763205871 149 100 291 28 46 45.4485975205898 82 90 120 68 172 97.2299841232598 104 67 62 131 217 0.415739789605141 6 21 180 68 91 144.480197271332 46 37 202 121 34 117.87670222111 175 9 2019-05-30 "Cuenta 1"
"151" "Centro 2" 232 1 6 101.481038611382 106 96 72 136 143 159.600581414998 58 69 60 26 192 43.7740591354668 16 84 297 122 234 185.446988511831 179 91 63 111 169 131.823721434921 107 10 140 9 42 169.008891703561 6 16 2019-05-31 "Cuenta 1"
"152" "Centro 19" 148 136 97 55.0859949551523 166 60 47 10 250 175.915254745632 146 35 95 134 89 45.6695352680981 25 17 159 23 107 134.627449512482 149 99 162 42 67 25.3441120963544 196 44 274 61 241 81.7275127861649 93 29 2019-06-01 "Cuenta 2"
"153" "Centro 1" 25 22 116 86.1020475625992 199 14 173 35 19 105.899471882731 174 81 17 104 106 177.560004452243 63 21 284 21 200 43.320300290361 8 13 240 43 62 114.476022170857 118 8 52 141 189 151.02471197024 110 82 2019-06-02 "Cuenta 2"
"154" "Centro 18" 50 144 112 55.427467636764 66 4 180 87 69 92.2263456042856 147 50 108 25 121 115.276932530105 153 24 235 67 240 106.46285568364 104 14 247 130 35 186.528924945742 198 9 97 63 53 3.20531185716391 112 50 2019-06-03 "Cuenta 2"
"155" "Centro 12" 19 57 249 10.008697444573 132 33 232 136 161 161.034293752164 23 37 223 128 60 114.960531704128 91 23 203 94 141 106.602409668267 40 26 171 7 229 161.782048363239 192 63 11 52 210 124.056828767061 165 52 2019-06-04 "Cuenta 5"
"156" "Centro 11" 245 54 250 39.9963207542896 103 17 203 106 11 161.288184160367 41 91 8 3 141 156.694115931168 189 31 222 111 1 175.564815476537 189 81 55 43 211 169.145167572424 139 52 292 144 229 122.044517006725 6 53 2019-06-05 "Cuenta 1"
"157" "Centro 4" 110 3 39 150.118822930381 155 60 40 9 238 68.3068311773241 189 14 36 111 197 71.7955961357802 165 74 92 5 222 123.298630770296 61 10 77 36 43 19.9442024342716 8 34 124 77 219 57.3772709816694 59 54 2019-06-06 "Cuenta 1"
"158" "Centro 9" 183 25 175 141.284534009174 17 17 161 117 67 125.229325843975 136 36 229 51 127 106.785206822678 12 33 186 125 175 158.202121080831 134 92 101 118 28 171.722258767113 98 25 235 32 141 92.8400511853397 119 35 2019-06-07 "Cuenta 3"
"159" "Centro 16" 6 99 217 190.535589400679 69 77 167 91 88 128.499338636175 85 13 104 72 194 193.336062738672 23 61 294 30 195 138.881515711546 73 29 158 84 198 73.6138771753758 19 5 93 104 177 181.909453310072 73 2 2019-06-08 "Cuenta 1"
"160" "Centro 11" 191 122 240 183.342550275847 144 67 30 149 189 133.596096467227 143 31 206 28 166 135.658592544496 110 33 252 82 49 9.08832205459476 171 37 110 28 128 7.78634673915803 56 11 150 97 238 8.04692339152098 180 9 2019-06-09 "Cuenta 2"
"161" "Centro 20" 133 41 47 175.404283916578 183 48 198 39 241 67.9188184440136 180 21 142 108 138 20.754927303642 185 66 158 44 120 90.790104912594 37 9 52 107 23 119.53576952219 76 33 136 51 22 142.607861943543 22 21 2019-06-10 "Cuenta 2"
"162" "Centro 7" 185 145 250 66.6893907822669 88 41 230 107 196 190.65488576889 119 83 230 57 196 77.5063702836633 160 65 117 20 53 161.178362090141 133 47 237 34 26 76.1940558906645 137 78 255 132 9 179.521827539429 35 16 2019-06-11 "Cuenta 5"
"163" "Centro 13" 275 113 146 13.4568005334586 32 50 74 111 120 173.576703667641 184 91 81 125 220 54.4866993092 184 54 49 92 73 79.5905063860118 103 47 127 99 37 142.451360635459 86 54 60 100 54 2.63122697360814 5 93 2019-06-12 "Cuenta 1"
"164" "Centro 5" 112 48 4 117.079461179674 104 76 72 85 114 196.056286711246 12 44 81 136 168 110.384094156325 51 46 283 67 188 35.1377304177731 41 61 202 126 10 188.421028153971 130 75 138 140 79 21.064628334716 140 15 2019-06-13 "Cuenta 1"
"165" "Centro 11" 251 56 180 184.103972883895 108 61 37 13 94 18.2674132753164 181 70 299 22 95 49.6769908815622 148 50 62 140 65 139.332183124498 14 56 171 40 132 31.5615742467344 165 51 188 102 180 50.4055955447257 190 84 2019-06-14 "Cuenta 2"
"166" "Centro 16" 150 85 176 190.531712491065 95 38 18 135 17 20.1126611791551 174 30 2 19 147 85.991229256615 81 61 118 95 147 31.2667523045093 171 95 92 29 231 163.826392032206 80 67 230 83 181 51.0329658165574 178 77 2019-06-15 "Cuenta 1"
"167" "Centro 8" 258 17 243 167.273837421089 52 31 195 73 209 148.075138870627 33 18 106 133 14 161.153200361878 188 47 170 97 114 25.2050486858934 68 93 160 44 143 15.0141374673694 22 1 68 36 91 199.214019626379 95 45 2019-06-16 "Cuenta 3"
"168" "Centro 7" 53 85 144 65.8840495627373 164 19 221 107 52 62.4167785514146 163 10 243 148 220 101.831954484805 177 35 101 136 215 27.879422577098 191 12 254 49 20 68.6485230922699 152 48 42 43 173 49.1011634934694 123 34 2019-06-17 "Cuenta 3"
"169" "Centro 11" 71 147 84 130.018639471382 133 26 179 89 244 165.781498560682 67 3 238 31 57 3.09935449622571 146 56 157 49 133 50.169677939266 160 53 214 135 183 90.9769365098327 100 81 22 39 166 145.571568468586 6 42 2019-06-18 "Cuenta 5"
"170" "Centro 15" 139 145 79 66.7252202518284 9 54 180 145 91 142.871139198542 192 65 44 133 68 97.4730310961604 11 8 237 78 147 168.744166335091 164 40 22 37 158 75.5672468803823 57 74 70 24 214 50.9915615431964 138 75 2019-06-19 "Cuenta 2"
"171" "Centro 2" 244 137 2 178.39497346431 172 17 37 110 90 42.6402642391622 11 38 185 110 206 7.1018673479557 57 11 192 81 244 124.635252729058 16 86 117 117 223 139.020151412115 124 26 86 18 103 146.429852955043 117 28 2019-06-20 "Cuenta 5"
"172" "Centro 18" 167 150 35 188.486133283004 168 80 271 87 65 152.82880323939 44 35 193 63 249 116.667217342183 97 35 141 117 200 105.696141067892 15 1 256 2 72 103.216421650723 172 28 236 23 6 124.142903415486 180 92 2019-06-21 "Cuenta 1"
"173" "Centro 12" 14 11 195 147.135411761701 198 38 120 19 3 45.9138811100274 180 50 100 77 249 39.5548347849399 25 54 74 84 198 53.2410277985036 52 16 10 137 226 125.253046676517 150 88 49 11 239 155.708104604855 198 93 2019-06-22 "Cuenta 3"
"174" "Centro 8" 179 60 116 90.0657654274255 68 67 242 97 105 90.2052150573581 109 5 118 137 189 74.81853319332 20 30 174 103 30 182.98972514458 149 96 130 74 67 72.8217382915318 31 60 246 97 217 113.917042221874 65 92 2019-06-23 "Cuenta 1"
"175" "Centro 13" 167 31 224 78.2436506822705 26 7 120 78 172 129.37940931879 159 93 279 50 65 44.207100244239 109 51 98 9 136 97.244365978986 98 81 255 3 28 101.131105097011 69 36 58 61 233 113.152240216732 87 40 2019-06-24 "Cuenta 2"
"176" "Centro 20" 152 86 121 15.4904430732131 123 76 189 77 87 6.62687215954065 68 13 82 92 142 98.0136549565941 31 75 125 134 155 8.17073043435812 28 87 207 109 30 167.72054345347 132 12 282 20 101 17.6786573603749 195 90 2019-06-25 "Cuenta 4"
"177" "Centro 2" 240 64 243 71.4723205659539 89 90 15 87 92 56.415104912594 180 77 291 17 233 151.285176537931 22 10 90 120 223 17.1713599003851 141 30 287 100 66 47.9217367246747 25 73 46 95 204 160.056417994201 169 85 2019-06-26 "Cuenta 5"
"178" "Centro 18" 6 141 237 174.586299015209 89 64 41 103 217 153.24129499495 114 2 150 51 67 145.599610451609 64 57 163 96 5 140.691518597305 182 23 228 129 167 10.0406009703875 162 24 86 128 228 21.7354284133762 102 59 2019-06-27 "Cuenta 2"
"179" "Centro 20" 71 27 106 7.10800117813051 188 17 13 79 187 139.689523587003 28 11 139 86 105 12.3151320032775 145 81 232 33 157 81.5711304079741 191 55 60 140 21 61.6127556655556 75 22 258 99 128 181.173904240131 8 66 2019-06-28 "Cuenta 5"
"180" "Centro 8" 208 149 227 192.06989868544 192 41 279 137 160 63.9701975043863 95 63 227 8 105 130.962287494913 197 77 149 134 174 133.552678953856 138 32 89 69 131 89.1091024968773 38 52 147 81 230 2.89593883790076 192 27 2019-06-29 "Cuenta 2"
"181" "Centro 14" 142 5 27 113.751102704555 136 43 192 17 90 82.1800801903009 116 20 121 149 14 117.946737864986 66 2 261 50 73 143.394800275564 126 70 84 9 28 27.3846464697272 125 94 24 147 90 37.4560769181699 3 100 2019-06-30 "Cuenta 3"
"182" "Centro 1" 7 70 194 86.6161363665015 137 82 251 23 246 36.6238927934319 94 13 128 41 18 198.014889378101 96 58 195 44 112 149.315961962566 20 50 285 106 243 29.2233015410602 67 100 93 77 208 99.1740379016846 60 59 2019-07-01 "Cuenta 1"
"183" "Centro 1" 163 123 97 105.240116082132 148 49 15 37 150 15.4971491545439 186 48 288 47 37 27.6068492792547 46 29 88 32 226 195.177795458585 186 39 164 149 71 199.190572882071 103 24 103 127 68 141.423293482512 162 69 2019-07-02 "Cuenta 1"
"184" "Centro 9" 159 87 20 99.3294875137508 15 53 122 43 216 190.599471284077 33 25 177 4 64 28.0885233078152 163 38 141 71 227 148.445614753291 38 7 197 107 142 67.8730431012809 28 79 132 37 173 0.942660588771105 140 49 2019-07-03 "Cuenta 4"
"185" "Centro 5" 207 120 35 158.10906868428 163 97 84 49 184 18.5769819188863 88 60 106 108 123 116.496747033671 55 24 86 44 150 147.876220429316 199 22 277 116 56 6.79104444570839 68 9 91 89 216 165.008123731241 190 5 2019-07-04 "Cuenta 4"
"186" "Centro 18" 111 125 62 87.9694418981671 187 34 61 61 74 36.5629014093429 64 46 2 22 83 42.1978904400021 78 82 48 141 15 195.190735021606 103 95 256 148 74 133.48876866512 143 59 49 35 9 171.745253261179 192 5 2019-07-05 "Cuenta 2"
"187" "Centro 19" 30 34 54 40.3152235317975 14 69 113 67 102 66.4973869919777 11 75 61 150 40 161.932729603723 156 42 272 129 249 65.6842402182519 74 99 178 75 86 108.789759734645 35 98 169 133 75 74.1127295885235 86 23 2019-07-06 "Cuenta 1"
"188" "Centro 16" 50 54 7 70.3897692728788 128 73 282 66 93 62.203420419246 168 97 266 142 238 34.4467096496373 59 33 197 75 39 169.494707416743 200 37 151 6 40 186.300696711987 175 68 49 142 136 75.0459223985672 183 55 2019-07-07 "Cuenta 3"
"189" "Centro 9" 231 49 238 70.1723199803382 152 95 246 8 48 174.900103313848 161 19 174 16 15 34.8262243904173 90 97 169 100 138 59.2462496366352 14 15 83 35 201 56.7289824131876 140 83 77 24 19 107.200154569 26 92 2019-07-08 "Cuenta 5"
"190" "Centro 20" 3 148 47 139.363569067791 45 32 189 60 37 47.4629115313292 176 93 73 40 153 127.877740096301 128 66 89 34 186 149.155373545364 35 92 231 102 175 113.533050753176 11 74 226 114 229 143.785512354225 86 36 2019-07-09 "Cuenta 3"
"191" "Centro 5" 189 29 170 62.3584501445293 145 87 221 40 31 109.057243866846 116 5 263 114 26 20.2909210696816 22 61 15 44 187 88.687823433429 81 48 195 96 209 99.9683797359467 32 58 197 73 95 21.6081311926246 99 64 2019-07-10 "Cuenta 4"
"192" "Centro 10" 27 149 176 24.0518117789179 72 5 164 34 29 54.1771722026169 29 23 79 112 182 50.519937183708 118 22 89 112 62 33.6703706532717 123 43 121 81 5 78.1206542626023 5 86 87 142 171 109.12510221824 158 7 2019-07-11 "Cuenta 1"
"193" "Centro 18" 47 131 179 45.358082652092 158 100 140 70 193 187.486254004762 94 81 264 16 69 41.9429237022996 177 60 81 47 217 75.3335203975439 150 51 274 4 210 144.206785596907 7 92 126 93 89 92.6832659635693 76 96 2019-07-12 "Cuenta 1"
"194" "Centro 8" 53 138 191 9.64287091046572 63 42 80 127 124 148.124149534851 158 5 39 57 203 149.54258701764 136 3 23 106 84 120.507940417156 199 62 132 96 209 55.7862485293299 85 73 222 138 149 152.538322610781 186 7 2019-07-13 "Cuenta 5"
"195" "Centro 5" 285 45 81 50.6956455297768 199 84 188 83 17 65.440334007144 50 59 31 129 48 97.0255798194557 142 92 202 76 249 96.1233630776405 37 39 116 129 24 103.913371264935 168 68 76 98 71 117.524373345077 175 49 2019-07-14 "Cuenta 4"
"196" "Centro 11" 6 28 51 67.7419123705477 77 70 90 20 29 101.486824499443 111 58 67 2 212 166.814708057791 17 88 207 135 71 122.583262296394 26 15 64 3 80 184.553047036752 108 35 286 3 222 109.145935950801 43 54 2019-07-15 "Cuenta 1"
"197" "Centro 16" 266 149 212 26.5233854297549 179 44 200 137 223 167.39127766341 3 22 256 142 11 122.125327819958 157 52 190 126 248 20.2777047641575 46 57 183 110 213 80.5182273034006 45 5 293 87 215 195.759484777227 121 82 2019-07-16 "Cuenta 4"
"198" "Centro 18" 144 58 19 113.28795789741 121 5 27 37 95 20.1403546147048 53 82 288 11 104 120.646061608568 46 82 131 28 109 162.203274667263 70 39 11 132 124 140.914120571688 8 60 184 94 127 89.3431299366057 121 25 2019-07-17 "Cuenta 3"
"199" "Centro 3" 288 77 115 58.1694075837731 8 89 9 109 140 10.9924869146198 131 84 284 112 158 101.220359979197 74 85 188 73 9 70.5741344019771 90 20 139 20 234 128.768759034574 27 62 50 46 15 67.2738410532475 125 4 2019-07-18 "Cuenta 3"
"200" "Centro 19" 169 139 228 98.7073436379433 195 23 48 98 92 195.931999199092 58 1 143 58 91 168.754162592813 137 68 180 43 140 163.528967741877 170 98 158 48 128 199.436619132757 177 27 192 20 191 170.929542602971 54 32 2019-07-19 "Cuenta 2"
"201" "Centro 2" 250 122 116 135.291796457022 104 96 165 129 87 172.925454424694 83 4 201 79 122 139.088404458016 173 25 109 70 162 58.6206127423793 61 51 113 119 84 113.073582528159 60 66 238 110 215 147.24964289926 43 84 2019-07-20 "Cuenta 4"
"202" "Centro 16" 160 86 157 25.4017808008939 159 35 59 34 195 185.350115085021 92 56 111 42 45 174.299739254639 35 63 94 45 109 177.736312523484 150 27 243 38 161 41.4680608548224 8 95 70 57 183 164.489672286436 56 63 2019-07-21 "Cuenta 1"
"203" "Centro 5" 84 75 114 68.6602943576872 184 79 165 109 178 103.363505890593 161 69 283 83 107 9.59968618117273 58 32 68 2 49 143.164598755538 63 59 207 138 91 198.713751835749 64 67 262 119 177 119.655771832913 24 5 2019-07-22 "Cuenta 2"
"204" "Centro 12" 275 72 172 111.741761723533 92 15 123 54 235 42.3442302737385 43 74 133 13 115 30.9491569641978 19 70 262 116 10 66.702086571604 186 69 239 142 88 80.2282839082181 12 19 190 19 59 89.0753040555865 163 82 2019-07-23 "Cuenta 2"
"205" "Centro 17" 34 41 94 9.18102557770908 184 32 140 44 116 34.2162238433957 136 34 281 125 237 86.6706398781389 111 8 137 122 50 97.5682630669326 28 36 228 108 81 11.7371916770935 115 85 78 126 139 182.663907669485 195 59 2019-07-24 "Cuenta 1"
"206" "Centro 5" 237 22 132 171.352522540838 15 22 25 33 35 75.5950827617198 76 60 78 46 155 28.8713176734746 58 70 293 7 88 88.7775406241417 176 87 46 55 223 139.392933622003 89 53 150 93 31 33.8914233725518 139 41 2019-07-25 "Cuenta 3"
"207" "Centro 4" 230 62 16 175.63156443648 158 77 35 41 106 140.858906088397 134 72 52 14 7 49.4553888216615 124 32 53 100 35 60.1231741253287 179 17 72 150 173 174.097314896062 30 5 123 13 181 184.442994510755 36 85 2019-07-26 "Cuenta 3"
"208" "Centro 12" 231 34 137 97.0949622802436 38 52 119 146 219 137.989629525691 188 4 166 25 29 142.657354986295 127 85 117 38 198 108.98339767009 2 73 189 68 21 58.0602666828781 13 34 48 65 174 182.255958486348 1 71 2019-07-27 "Cuenta 4"
"209" "Centro 14" 145 111 79 96.6393452137709 97 6 299 145 223 125.892605492845 144 45 5 131 60 138.693444896489 5 37 171 97 244 170.636583399028 125 26 155 51 227 101.11141083762 154 72 45 133 204 103.639197163284 189 47 2019-07-28 "Cuenta 2"
"210" "Centro 10" 109 130 129 184.876860165969 46 40 209 130 118 51.6753730829805 145 63 235 97 194 14.1734325326979 156 78 228 103 69 35.5716144666076 171 92 241 85 108 149.047225574031 10 10 194 7 117 142.699534073472 57 55 2019-07-29 "Cuenta 3"
"211" "Centro 18" 88 53 73 162.320625828579 61 8 99 41 79 173.323720786721 138 63 285 109 31 17.598366830498 113 55 121 78 64 17.6236043684185 155 81 88 84 247 127.018845174462 20 13 206 18 238 123.316976893693 82 27 2019-07-30 "Cuenta 3"
"212" "Centro 6" 159 113 144 20.7995434291661 99 81 206 5 74 72.6528881117702 143 62 155 146 169 94.4152781739831 14 37 232 33 68 159.719635592774 8 56 5 125 149 189.830950042233 166 33 33 124 29 175.39405063726 191 26 2019-07-31 "Cuenta 1"
"213" "Centro 14" 230 55 91 80.1834954880178 6 81 7 112 233 101.978490781039 123 3 2 78 202 170.877594593912 31 48 258 146 14 59.3586717266589 134 44 111 43 39 80.7395238894969 152 16 32 100 51 153.385367663577 2 65 2019-08-01 "Cuenta 1"
"214" "Centro 11" 67 50 223 39.551259810105 118 12 68 97 109 36.2107831053436 114 83 266 93 138 153.752838028595 154 99 17 65 240 18.4651072137058 52 18 222 132 128 57.4624449945986 197 24 79 3 97 115.410578856245 77 41 2019-08-02 "Cuenta 2"
"215" "Centro 17" 181 76 102 154.673530114815 110 63 239 19 104 83.9624961838126 59 16 284 38 144 136.823240434751 196 4 193 122 18 139.990640291944 111 44 249 129 54 33.1445456016809 135 62 7 41 244 130.576935550198 183 60 2019-08-03 "Cuenta 5"
"216" "Centro 6" 192 86 92 10.4295545257628 132 8 133 55 108 147.397168772295 76 73 251 26 166 135.288285277784 73 94 246 110 65 119.693176774308 38 14 213 22 116 109.354888554662 184 53 56 47 42 54.4143322855234 6 82 2019-08-04 "Cuenta 1"
"217" "Centro 5" 288 4 59 40.6015450134873 122 7 183 63 85 127.160306693986 89 3 212 57 163 5.62201254069805 95 95 250 37 162 198.037558561191 28 17 12 100 90 84.2607686296105 172 12 24 71 24 20.0567289255559 68 43 2019-08-05 "Cuenta 5"
"218" "Centro 14" 26 113 4 27.4060959927738 127 82 293 62 66 41.1064280197024 168 24 132 111 244 164.166200207546 125 64 98 145 162 119.130922621116 49 68 23 34 207 145.986673422158 87 16 117 72 38 160.40947213769 173 57 2019-08-06 "Cuenta 3"
"219" "Centro 19" 118 20 118 0.691259279847145 139 26 160 150 213 90.175585495308 7 45 203 67 156 16.5085160173476 6 50 85 37 170 31.3981233630329 151 47 167 112 152 117.547268234193 13 62 158 17 129 120.565112167969 71 74 2019-08-07 "Cuenta 1"
"220" "Centro 2" 25 114 164 168.391350796446 195 15 283 70 123 82.1873287204653 47 33 280 130 12 120.492986124009 129 99 57 50 248 192.962127737701 179 29 206 20 79 128.709755977616 100 11 154 116 186 190.246298583224 97 2 2019-08-08 "Cuenta 3"
"221" "Centro 8" 176 58 171 127.927610371262 63 91 108 124 105 64.2484699841589 186 24 40 122 102 12.216813955456 136 100 90 60 88 196.732382150367 103 73 164 1 151 169.013998750597 92 99 183 42 237 10.1043081376702 157 87 2019-08-09 "Cuenta 2"
"222" "Centro 19" 3 50 48 6.55721053481102 94 82 166 7 209 22.685584332794 131 26 47 97 151 123.622949002311 52 100 213 2 193 24.2247296497226 11 34 101 112 8 148.541634017602 196 26 217 118 180 130.720399972051 6 11 2019-08-10 "Cuenta 1"
"223" "Centro 15" 235 74 127 133.581844670698 161 62 146 32 118 138.487102743238 64 19 286 22 62 70.2316734474152 76 29 69 31 95 171.823132922873 63 95 229 113 2 31.8662853445858 158 92 242 66 27 151.464097574353 77 19 2019-08-11 "Cuenta 4"
"224" "Centro 14" 196 20 86 187.33637672849 81 21 99 144 34 132.450360711664 37 12 278 14 92 119.340655067936 1 44 71 129 74 158.310619415715 51 44 230 72 175 179.260669602081 166 9 223 50 69 20.236046705395 48 82 2019-08-12 "Cuenta 1"
"225" "Centro 7" 170 33 35 136.290912283584 43 74 202 106 8 160.974025120959 170 35 136 120 21 98.0376393068582 53 10 300 58 93 96.4736948721111 115 91 93 28 168 33.6985929403454 157 68 133 34 146 152.908383170143 52 45 2019-08-13 "Cuenta 4"
"226" "Centro 12" 35 74 246 65.1059155818075 177 15 131 68 128 144.100075121969 19 29 176 138 3 137.112578190863 9 39 123 121 53 48.3515604399145 181 43 70 49 106 139.225301938131 166 85 170 54 35 142.736114095896 32 75 2019-08-14 "Cuenta 3"
"227" "Centro 2" 146 39 85 83.8409227784723 69 15 8 2 95 171.404412155971 31 92 254 8 176 95.7341786008328 84 79 64 23 68 173.544458672404 8 28 134 80 3 95.7555540837348 86 73 71 3 83 34.2734944541007 92 47 2019-08-15 "Cuenta 1"
"228" "Centro 16" 96 62 191 44.886935595423 168 97 53 110 151 140.99947232753 87 36 195 79 122 109.470609668642 192 99 157 4 104 189.071020809934 181 53 207 90 75 178.522618999705 14 61 241 107 210 185.142209986225 189 13 2019-08-16 "Cuenta 5"
"229" "Centro 9" 181 69 35 76.8813210073858 183 53 251 91 176 142.505960306153 97 65 55 144 212 77.9886013362557 139 61 244 73 33 37.6555113587528 188 39 190 74 209 50.9004445746541 115 96 206 22 135 183.306116890162 79 96 2019-08-17 "Cuenta 5"
"230" "Centro 11" 148 50 143 38.820874504745 138 12 41 24 77 29.2498812545091 146 97 32 131 45 56.4101450145245 40 83 267 21 215 120.996664091945 121 60 61 58 109 129.801162565127 77 4 37 123 16 103.091834113002 70 40 2019-08-18 "Cuenta 4"
"231" "Centro 13" 127 116 89 120.130090368912 117 33 142 40 20 43.138730013743 146 56 107 15 51 77.2037928458303 95 52 89 85 126 28.2044977881014 60 21 69 21 109 167.660799855366 175 30 212 105 198 60.1868345402181 39 24 2019-08-19 "Cuenta 5"
"232" "Centro 5" 66 99 208 29.4945743866265 32 40 240 114 136 108.007350610569 134 11 207 33 157 104.355372255668 68 32 196 122 119 100.569542171434 49 19 36 146 34 37.3156096786261 140 94 189 118 157 26.8775963224471 166 94 2019-08-20 "Cuenta 2"
"233" "Centro 14" 226 145 181 153.134103072807 109 61 6 39 247 30.0953849218786 154 1 253 123 247 141.454771440476 144 83 273 128 107 6.82976790703833 194 47 45 12 89 111.914118658751 155 47 241 51 81 55.930206226185 50 37 2019-08-21 "Cuenta 3"
"234" "Centro 3" 300 77 182 60.242251586169 11 35 191 126 170 169.041622336954 48 93 191 87 243 8.03170227445662 1 82 165 5 234 199.266567872837 169 25 216 121 192 81.6414221655577 93 99 52 12 224 153.194167278707 120 70 2019-08-22 "Cuenta 3"
"235" "Centro 10" 66 143 239 23.8232596311718 153 6 254 25 117 138.170859823003 160 100 251 41 122 72.0051568001509 173 20 25 117 47 154.330831998959 120 39 100 43 81 55.9596324339509 65 89 11 2 113 13.2333791349083 119 6 2019-08-23 "Cuenta 1"
"236" "Centro 1" 82 71 14 175.287146912888 92 40 288 68 20 191.689794696867 156 44 91 93 144 178.979352395982 161 32 94 86 104 146.850852109492 91 65 88 56 60 63.9250088017434 135 8 145 130 89 117.811222421005 196 76 2019-08-24 "Cuenta 4"
"237" "Centro 4" 37 32 83 161.29267453216 193 79 157 90 6 98.1492092832923 88 53 187 3 189 38.6466366704553 128 100 93 16 43 174.417716171592 139 21 11 78 75 153.329282673076 185 75 161 46 25 197.732743015513 23 78 2019-08-25 "Cuenta 5"
"238" "Centro 5" 181 15 234 79.351252457127 146 57 293 90 75 187.393104890361 83 14 101 37 95 1.27354026772082 190 14 192 27 244 51.0524559300393 87 22 35 145 94 166.273184353486 21 53 37 2 136 168.919893493876 75 38 2019-08-26 "Cuenta 1"
"239" "Centro 4" 259 40 111 185.30112253502 64 80 35 100 83 101.060551730916 59 6 282 119 162 71.2924833875149 128 21 191 142 52 42.979933694005 183 42 157 80 105 118.096682569012 86 72 213 47 13 58.8586478494108 157 18 2019-08-27 "Cuenta 2"
"240" "Centro 20" 44 10 248 14.0950349159539 96 67 271 111 200 61.1323159188032 16 89 270 28 210 100.427544023842 41 31 229 17 141 44.3354815244675 162 48 157 54 232 30.3161122836173 134 68 32 6 134 159.513684362173 175 97 2019-08-28 "Cuenta 1"
"241" "Centro 9" 75 93 190 106.492547644302 88 2 291 27 62 59.7727669402957 126 9 19 93 29 25.0610196962953 97 93 68 126 99 106.386329000816 37 4 187 7 61 68.9757861662656 132 55 177 67 208 108.263284945861 123 52 2019-08-29 "Cuenta 4"
"242" "Centro 10" 156 61 105 163.497284427285 80 71 146 41 242 4.3500320520252 129 99 291 79 200 196.358961472288 150 47 193 127 200 134.256283845752 8 52 221 122 106 88.1711935158819 86 64 161 88 76 49.7057015541941 55 81 2019-08-30 "Cuenta 5"
"243" "Centro 12" 82 119 172 194.257818674669 2 13 165 143 231 159.159508580342 56 21 29 141 107 138.736821431667 85 53 213 119 22 90.0767149869353 12 92 186 116 91 111.700920388103 146 37 104 140 119 185.52994527854 172 29 2019-08-31 "Cuenta 1"
"244" "Centro 2" 177 71 48 95.1452404726297 194 18 48 105 203 53.1647143419832 176 6 214 29 199 117.959688743576 166 60 31 73 250 188.970391685143 37 2 186 140 161 120.496863080189 147 75 92 3 70 144.778925832361 157 59 2019-09-01 "Cuenta 1"
"245" "Centro 11" 116 40 130 186.318534612656 66 26 77 56 65 108.661815477535 165 33 28 105 114 21.2367763277143 112 12 169 45 93 123.263299418613 138 76 150 82 19 30.4977469611913 168 35 237 105 138 127.560695400462 41 2 2019-09-02 "Cuenta 4"
"246" "Centro 2" 146 1 154 70.3968247398734 6 56 161 108 94 146.687899949029 110 71 243 5 185 80.6087730452418 83 37 221 28 80 69.9173044878989 188 27 14 83 88 41.36150944978 17 89 252 142 224 157.364805694669 144 24 2019-09-03 "Cuenta 4"
"247" "Centro 3" 143 104 103 37.5327808782458 70 98 208 74 45 69.3466677796096 161 47 62 18 55 139.257476292551 113 85 153 120 176 76.2546831276268 125 12 188 66 242 18.6178045347333 57 69 298 123 77 23.8657437730581 115 25 2019-09-04 "Cuenta 5"
"248" "Centro 7" 73 116 12 12.8782706335187 148 68 269 7 106 142.048630909994 69 44 290 31 189 81.0169343370944 44 61 241 18 223 92.0738817192614 117 67 2 37 211 131.422524154186 119 92 134 79 174 103.48258423619 136 43 2019-09-05 "Cuenta 2"
"249" "Centro 7" 226 98 67 198.936611181125 85 57 259 2 84 46.8968284316361 183 49 232 134 233 172.206798847765 100 62 191 112 170 170.3580848407 86 89 191 97 232 2.65049552544951 108 20 189 88 216 73.8272518850863 57 15 2019-09-06 "Cuenta 5"
"250" "Centro 14" 93 96 62 52.2255731280893 165 62 107 142 162 104.212728515267 146 92 6 43 192 133.135998062789 167 1 168 78 161 153.420384647325 176 7 64 122 221 31.859199795872 2 17 129 148 9 7.56202577613294 120 72 2019-09-07 "Cuenta 3"
"251" "Centro 15" 145 9 157 16.4736190345138 142 49 244 132 3 17.707511363551 95 47 210 62 68 28.5665368195623 186 37 72 50 50 189.199382439256 154 22 12 13 9 127.941414061934 85 46 137 142 24 154.956418927759 107 73 2019-09-08 "Cuenta 5"
"252" "Centro 10" 98 37 92 0.534907635301352 13 84 143 136 81 139.597678650171 132 46 39 107 221 10.604353249073 56 45 59 137 129 80.4868896957487 20 88 45 70 67 32.5619472656399 65 95 228 65 192 67.1648770570755 89 48 2019-09-09 "Cuenta 3"
"253" "Centro 16" 220 139 242 122.121217148378 107 81 251 54 120 100.592219596729 23 40 114 63 88 124.25709743984 150 46 264 128 13 123.798842262477 180 56 258 75 189 176.776018366218 112 20 89 127 96 162.511624582112 140 45 2019-09-10 "Cuenta 3"
"254" "Centro 3" 251 8 149 8.01006774418056 168 42 202 21 242 193.866150407121 44 9 4 63 76 42.2346989624202 125 5 250 101 45 7.46642467565835 76 58 182 97 175 135.937126353383 78 23 291 133 58 185.679535660893 123 5 2019-09-11 "Cuenta 5"
"255" "Centro 1" 82 39 71 28.1007032841444 45 20 257 78 175 65.0166665203869 148 52 134 1 71 174.081575777382 41 42 24 111 212 147.997683519498 135 66 159 150 244 106.438656290993 113 32 261 119 51 54.0979504585266 177 37 2019-09-12 "Cuenta 2"
"256" "Centro 9" 259 90 135 142.300631804392 133 54 69 121 184 52.6323389727622 123 68 283 55 2 121.661741146818 124 24 99 102 240 137.466629035771 167 97 258 3 201 33.3030329085886 10 26 229 58 68 40.2057113591582 151 29 2019-09-13 "Cuenta 5"
"257" "Centro 8" 163 76 197 6.15044021978974 185 41 140 31 149 190.391478920355 164 63 2 102 85 116.309825051576 45 4 168 6 106 177.729650819674 35 42 253 122 139 44.7635198477656 178 62 90 19 148 23.1692731380463 37 99 2019-09-14 "Cuenta 3"
"258" "Centro 17" 90 29 153 161.996716633439 150 76 296 6 12 168.560118600726 2 81 103 99 186 64.1744654625654 87 72 99 61 217 100.705740787089 174 78 203 101 71 166.158927464858 161 20 113 78 177 73.4603296965361 144 14 2019-09-15 "Cuenta 4"
"259" "Centro 14" 74 134 63 62.7665780950338 31 54 157 94 184 144.93102747947 178 58 192 17 133 198.7114822492 199 13 40 70 94 41.4400766137987 120 59 292 32 166 144.271125271916 14 16 42 42 159 56.7243095021695 113 6 2019-09-16 "Cuenta 1"
"260" "Centro 1" 66 145 206 27.4192235898226 26 33 244 114 161 184.621751587838 33 54 104 33 231 148.711962858215 70 92 38 12 232 188.528496865183 189 87 61 41 227 17.3417184036225 158 13 275 16 105 101.235424214974 196 20 2019-09-17 "Cuenta 3"
"261" "Centro 5" 276 11 139 157.443588227034 89 63 215 114 3 26.1054131668061 192 43 166 104 92 182.624743226916 132 96 136 102 30 57.2632917203009 106 17 204 85 235 153.189689153805 135 17 57 115 213 59.5158060546964 41 61 2019-09-18 "Cuenta 5"
"262" "Centro 14" 233 106 18 104.178179102018 161 98 295 15 63 151.396280853078 197 87 190 60 72 53.9212625473738 77 68 177 36 192 107.079946110025 6 47 271 54 49 143.778679613024 173 15 221 116 88 112.527158390731 76 43 2019-09-19 "Cuenta 1"
"263" "Centro 2" 51 127 249 58.1772718578577 46 42 37 144 16 60.1840281393379 200 31 158 129 134 75.8322197478265 77 100 10 139 157 27.0520386751741 38 88 99 91 89 32.70468339324 14 31 199 123 99 168.631001608446 115 26 2019-09-20 "Cuenta 4"
"264" "Centro 12" 248 135 215 99.4778334163129 87 81 54 87 83 167.927901865914 71 97 128 92 182 88.6646619997919 89 22 249 27 199 61.149185616523 185 13 215 145 237 93.0882453452796 145 78 126 20 40 189.438416389748 172 45 2019-09-21 "Cuenta 1"
"265" "Centro 9" 27 150 90 87.2652344871312 100 100 290 138 101 111.027100821957 122 8 221 53 217 16.5189644787461 157 21 283 45 67 111.810579616576 160 25 81 92 47 133.346102293581 49 7 224 114 131 8.72517395764589 147 33 2019-09-22 "Cuenta 5"
"266" "Centro 14" 70 65 170 78.8424687460065 108 36 281 113 13 64.1251786146313 16 44 11 90 244 87.5759358983487 157 29 296 42 85 37.8539035096765 137 26 295 137 202 131.044547492638 43 50 223 119 207 185.738914227113 1 94 2019-09-23 "Cuenta 4"
"267" "Centro 4" 115 55 175 108.350928965956 79 43 175 104 181 112.969159288332 126 59 24 141 245 119.004858424887 132 41 82 60 79 162.924992572516 107 74 56 144 198 197.589111095294 190 89 105 112 75 64.6476071327925 190 23 2019-09-24 "Cuenta 3"
"268" "Centro 15" 59 141 83 102.538141654804 133 90 289 23 184 37.1987340506166 134 83 194 145 104 140.516116283834 128 97 169 66 202 199.635580740869 117 72 150 118 35 56.3721481245011 134 65 208 123 50 62.929106829688 51 30 2019-09-25 "Cuenta 5"
"269" "Centro 12" 44 44 117 76.4542482793331 138 21 278 5 174 189.074882026762 32 99 62 22 201 164.950917335227 21 12 257 141 41 44.5067079737782 160 88 185 68 152 158.144907094538 70 29 162 25 160 127.865613717586 150 39 2019-09-26 "Cuenta 2"
"270" "Centro 12" 155 113 12 109.263774938881 97 27 292 49 118 77.3052686359733 167 54 17 47 159 29.5247292146087 77 5 291 16 124 23.2818474061787 141 70 268 108 247 128.531932970509 99 32 264 32 185 16.2704329006374 168 83 2019-09-27 "Cuenta 4"
"271" "Centro 6" 69 34 67 173.303093761206 65 73 232 98 181 103.767636185512 157 38 260 33 218 95.4214570112526 181 57 135 140 2 177.189790271223 33 96 291 44 159 157.737606577575 130 7 120 89 175 52.4752008728683 172 28 2019-09-28 "Cuenta 4"
"272" "Centro 10" 238 57 112 124.481460917741 117 55 223 124 235 141.42473959364 191 33 108 102 64 58.4493734873831 171 72 282 92 131 28.5035104025155 32 82 164 90 105 135.208823299035 59 58 213 87 53 117.130983853713 17 43 2019-09-29 "Cuenta 3"
"273" "Centro 20" 72 29 171 77.977647120133 48 16 180 79 224 58.9988234918565 53 62 97 71 18 134.909320250154 55 70 48 38 111 59.3236644752324 22 30 233 34 192 100.053842784837 25 2 49 38 61 165.890662046149 155 78 2019-09-30 "Cuenta 4"
"274" "Centro 3" 223 84 34 48.4077224042267 70 50 178 29 63 130.711385188624 117 91 20 9 194 58.2105230074376 151 46 276 41 91 108.769565820694 131 49 36 75 58 71.5187328401953 122 90 42 142 134 179.616098105907 76 79 2019-10-01 "Cuenta 4"
"275" "Centro 7" 121 90 17 96.9018753618002 43 59 95 11 226 101.27248368226 25 12 53 19 218 99.2287219036371 200 100 90 133 131 69.7347139008343 97 73 96 102 125 132.162257656455 80 95 164 148 192 37.9847418051213 113 73 2019-10-02 "Cuenta 1"
"276" "Centro 17" 212 98 6 125.070712389424 16 66 212 78 100 109.613212198019 20 99 204 115 143 199.980608327314 1 17 76 93 142 7.11939646862447 106 57 141 84 165 153.673537261784 119 29 175 131 112 43.1158565916121 11 15 2019-10-03 "Cuenta 4"
"277" "Centro 14" 214 30 47 82.3382572736591 15 31 219 20 215 62.0723971631378 105 51 53 39 119 5.5381627753377 39 30 217 31 179 103.754382580519 6 36 127 50 241 0.186776556074619 92 80 272 54 25 5.99301117472351 140 92 2019-10-04 "Cuenta 3"
"278" "Centro 19" 119 112 97 2.924635540694 198 61 282 92 210 179.32098172605 42 9 154 142 10 96.2832935154438 59 71 181 50 31 168.167608696967 116 78 92 13 65 24.7562483884394 115 94 186 133 124 59.3676277436316 64 50 2019-10-05 "Cuenta 2"
"279" "Centro 2" 98 15 195 73.4919495880604 56 1 65 102 21 135.51887627691 197 7 92 126 21 172.115258453414 45 81 193 53 225 34.5703951083124 196 35 3 11 106 59.4783392734826 37 42 2 108 161 187.130555091426 133 61 2019-10-06 "Cuenta 5"
"280" "Centro 12" 13 30 183 73.0378568172455 177 3 203 107 154 184.420671546832 82 76 161 95 230 23.8473870325834 98 64 253 61 3 119.81457141228 11 59 57 138 59 14.4337292760611 147 96 129 25 17 72.1481293439865 129 44 2019-10-07 "Cuenta 2"
"281" "Centro 13" 51 101 240 30.2308567333966 135 74 8 63 110 83.6332201492041 82 38 132 66 192 91.8076773174107 26 61 48 57 134 159.872707072645 13 71 111 132 44 46.3616974186152 104 85 52 2 161 77.7819522190839 102 23 2019-10-08 "Cuenta 1"
"282" "Centro 19" 152 76 176 76.6779018100351 114 86 139 37 229 49.6783555485308 108 35 280 69 216 126.573928399011 117 81 167 33 93 9.11744050681591 106 18 8 50 135 69.2798112984747 14 86 236 26 14 26.8620347604156 159 81 2019-10-09 "Cuenta 1"
"283" "Centro 16" 56 41 31 160.040857736021 171 53 223 13 170 191.930816182867 111 24 155 39 70 20.8970970939845 91 56 228 44 228 84.7630384843796 12 61 251 70 243 114.724517753348 180 15 263 17 234 18.7683293130249 119 21 2019-10-10 "Cuenta 2"
"284" "Centro 7" 241 14 99 85.2238934952766 97 70 113 81 61 34.6331510692835 152 50 150 95 133 139.014943363145 144 100 250 103 118 69.5379768963903 1 34 51 76 34 5.59450536966324 51 73 16 62 250 175.093340361491 72 27 2019-10-11 "Cuenta 4"
"285" "Centro 4" 100 84 4 74.6345210820436 15 35 296 150 7 82.7576170209795 23 34 120 76 233 126.302845031023 182 14 282 45 95 144.497094256803 70 82 248 8 131 185.739053878933 85 43 282 80 188 49.7272451408207 187 46 2019-10-12 "Cuenta 2"
"286" "Centro 10" 127 147 8 124.374829186127 25 32 77 11 229 182.268120907247 94 18 3 95 74 86.3008053507656 3 37 125 88 106 59.4190106727183 134 69 202 24 92 101.958181289956 3 24 189 55 189 122.604520339519 200 14 2019-10-13 "Cuenta 5"
"287" "Centro 20" 192 24 113 130.429414426908 147 34 173 42 47 54.5902733225375 53 85 258 42 14 64.7154535166919 87 83 294 58 29 160.856132674962 149 37 137 112 133 154.806879535317 175 27 58 109 45 16.4407319854945 123 100 2019-10-14 "Cuenta 2"
"288" "Centro 17" 266 26 176 0.649485597386956 199 89 26 79 228 192.597006913275 143 9 104 123 230 106.580024398863 17 46 166 38 214 23.894697194919 33 3 127 109 229 122.552179032937 76 71 106 62 86 110.139680746943 156 23 2019-10-15 "Cuenta 1"
"289" "Centro 15" 194 104 54 88.933265581727 98 5 300 46 199 34.3425344210118 197 29 210 10 205 1.06449830345809 187 77 224 57 238 168.478498701006 76 86 52 16 165 102.83599277027 80 46 108 44 45 154.4312259648 94 21 2019-10-16 "Cuenta 3"
"290" "Centro 12" 86 68 228 52.560913329944 93 44 10 82 14 160.499882698059 125 74 232 1 3 141.493749525398 46 32 212 128 230 59.0087477583438 54 51 235 5 186 112.855261750519 191 12 24 56 137 190.708104707301 99 37 2019-10-17 "Cuenta 2"
"291" "Centro 3" 43 68 43 166.203546244651 105 39 206 111 192 131.314336461946 10 12 267 93 76 15.1629011612386 183 15 239 70 103 170.97226488404 22 97 265 86 175 1.32402526214719 143 19 139 12 143 79.4977094978094 50 44 2019-10-18 "Cuenta 3"
"292" "Centro 4" 109 120 133 163.309419853613 53 51 273 127 18 168.984798202291 170 54 269 70 214 39.223839296028 150 22 212 23 117 62.5435695983469 151 73 82 24 5 79.782345937565 195 54 18 94 8 170.069442829117 95 40 2019-10-19 "Cuenta 1"
"293" "Centro 7" 111 135 222 102.545430371538 50 93 161 127 133 77.3511912673712 198 43 137 27 49 197.857423126698 3 27 141 138 206 191.806200472638 99 59 276 11 137 130.959149310365 133 79 42 92 194 151.134171895683 71 2 2019-10-20 "Cuenta 4"
"294" "Centro 1" 154 61 99 141.76486521028 169 94 194 108 193 145.371658261865 137 12 76 50 146 116.217422066256 143 41 157 100 123 38.1853900849819 99 9 146 95 239 148.30026216805 113 17 140 83 171 178.518590284511 45 44 2019-10-21 "Cuenta 4"
"295" "Centro 9" 55 70 180 0.204477133229375 89 53 162 18 163 143.916883785278 111 73 30 36 13 178.2216318883 60 37 51 133 54 134.250451205298 88 25 105 66 16 155.348533997312 70 85 142 123 22 180.946070794016 9 49 2019-10-22 "Cuenta 1"
"296" "Centro 15" 31 1 19 66.9762536417693 14 64 132 5 93 123.384251492098 195 42 298 65 64 7.06958803348243 89 72 49 64 12 164.190779486671 196 39 204 14 37 187.056496599689 32 37 205 136 234 22.2911743447185 120 4 2019-10-23 "Cuenta 4"
"297" "Centro 9" 25 47 44 32.7279626391828 141 30 189 66 96 143.093180796131 175 83 272 141 170 155.893236678094 149 22 188 119 88 33.2946997601539 65 9 287 45 142 181.607145955786 192 87 161 104 3 175.619654543698 178 67 2019-10-24 "Cuenta 5"
"298" "Centro 7" 269 17 81 164.070467930287 104 8 148 73 167 23.0856050271541 57 45 227 145 153 125.041712913662 130 37 67 22 231 126.901724841446 7 88 158 123 154 8.88935206457973 103 44 245 32 10 187.289006588981 165 19 2019-10-25 "Cuenta 4"
"299" "Centro 14" 169 24 175 176.53750218451 145 8 108 125 16 51.5181107446551 60 86 11 114 204 139.425834035501 131 24 101 111 226 160.959275951609 68 91 257 65 128 73.6076546367258 78 4 281 76 69 92.5147849135101 76 2 2019-10-26 "Cuenta 3"
"300" "Centro 16" 226 39 108 172.103380877525 121 69 4 120 177 43.3007942978293 71 7 83 32 209 41.727869771421 126 48 86 81 195 110.905181290582 41 56 150 145 104 38.6134934145957 46 14 9 44 165 74.1642897482961 9 46 2019-10-27 "Cuenta 3"
"301" "Centro 4" 8 119 45 115.781069546938 154 19 67 117 129 95.6120141316205 112 8 193 88 144 131.816372415051 114 44 106 10 120 48.9268673583865 1 16 251 37 185 66.1428301595151 136 61 286 148 79 187.498292792588 182 34 2019-10-28 "Cuenta 5"
"302" "Centro 4" 132 80 246 20.8038326352835 23 35 270 127 127 23.5400871373713 161 24 253 126 123 196.211770130321 18 81 269 59 122 195.474113710225 46 73 185 30 88 133.226807229221 96 73 190 31 164 171.915772138163 101 73 2019-10-29 "Cuenta 1"
"303" "Centro 5" 225 128 37 71.2128433398902 13 94 250 26 219 77.9648107476532 185 19 139 41 174 119.928875239566 138 60 221 43 201 189.973937859759 35 71 297 140 202 2.01504775322974 104 27 28 18 225 58.2660058047622 165 9 2019-10-30 "Cuenta 3"
"304" "Centro 16" 14 132 28 184.653952158988 112 55 112 114 217 69.4501887075603 145 28 11 69 20 170.67329371348 180 25 12 2 53 73.1953239999712 171 82 20 125 90 164.221655484289 194 14 180 41 61 146.452148864046 195 84 2019-10-31 "Cuenta 1"
"305" "Centro 18" 13 97 212 189.575921371579 171 9 241 51 191 119.795860396698 135 14 69 36 100 42.4307290930301 11 22 262 12 183 76.8517442047596 165 73 79 78 67 106.309472303838 26 19 249 134 76 188.464150670916 102 55 2019-11-01 "Cuenta 4"
"306" "Centro 20" 189 25 6 156.188435666263 82 10 131 45 164 43.9234359189868 191 47 158 142 149 95.1784627512097 69 37 34 37 237 49.3290910962969 128 57 291 56 136 107.640637923032 149 22 3 72 55 172.854081029072 53 20 2019-11-02 "Cuenta 1"
"307" "Centro 14" 53 7 168 188.362085446715 165 57 59 75 100 188.70344418101 82 43 133 72 61 139.701061230153 94 15 234 64 236 54.1387647856027 21 27 148 93 190 195.105244824663 124 4 111 1 222 177.481436682865 54 78 2019-11-03 "Cuenta 5"
"308" "Centro 2" 240 13 206 87.0957569684833 167 38 44 31 110 81.3373239245266 113 8 39 90 225 63.199445605278 145 38 83 145 126 44.3819074425846 126 49 178 58 206 83.032197970897 157 49 113 47 91 6.46847956813872 137 14 2019-11-04 "Cuenta 4"
"309" "Centro 2" 284 28 99 122.588771069422 173 34 187 76 221 128.423728002235 38 59 259 37 163 196.932193078101 195 26 248 35 6 8.2354542799294 61 91 89 131 160 183.678031060845 185 65 34 88 132 60.425068391487 172 60 2019-11-05 "Cuenta 2"
"310" "Centro 10" 162 127 38 174.024073779583 143 37 218 85 160 123.632416361943 95 3 268 31 58 23.030400602147 157 51 177 80 22 56.2514758203179 105 62 106 136 70 140.950465900823 152 14 2 13 175 196.483192080632 123 53 2019-11-06 "Cuenta 1"
"311" "Centro 15" 259 54 183 181.251503434032 2 61 32 85 94 68.7346498481929 78 29 179 36 192 95.696287881583 30 59 41 26 19 74.7639662120491 198 32 62 99 106 173.017119942233 98 67 151 92 183 33.0348533578217 133 83 2019-11-07 "Cuenta 1"
"312" "Centro 20" 274 104 5 42.5593473948538 157 64 23 111 224 71.9328373204917 177 72 119 120 209 195.700542675331 75 90 94 133 65 32.7400610782206 19 95 271 25 4 114.256702782586 200 60 35 81 131 99.851102521643 30 77 2019-11-08 "Cuenta 4"
"313" "Centro 15" 32 35 162 71.8492806423455 18 26 246 56 8 42.087497189641 30 90 284 52 174 105.013756174594 37 76 257 43 61 62.1730057522655 174 98 288 77 82 183.013472752646 113 48 131 137 54 32.5549659784883 80 88 2019-11-09 "Cuenta 5"
"314" "Centro 12" 220 26 118 96.6042722109705 85 28 18 4 164 129.24027829431 81 76 210 139 118 18.2772799395025 85 79 72 9 67 17.5368192140013 192 52 168 46 164 132.853182358667 52 54 163 18 89 9.18758511543274 77 88 2019-11-10 "Cuenta 2"
"315" "Centro 19" 282 110 41 164.377044094726 200 67 138 85 182 31.9418483879417 39 14 152 20 216 52.2715357597917 180 15 1 2 159 172.304552560672 17 22 221 41 31 52.3989449255168 66 30 77 91 59 133.625149261206 164 12 2019-11-11 "Cuenta 2"
"316" "Centro 7" 156 1 27 140.20400447771 65 45 27 105 64 160.74236468412 185 85 236 96 146 107.334854453802 189 93 98 82 236 1.14241945557296 89 23 258 52 34 59.3003476969898 184 29 246 149 15 46.5411575045437 97 68 2019-11-12 "Cuenta 1"
"317" "Centro 8" 295 12 101 16.5559326298535 148 8 267 56 134 15.1456599123776 95 1 231 131 66 66.4695899467915 113 84 223 128 77 27.8026787564158 117 36 67 139 154 0.271768402308226 170 5 18 2 163 25.0734339468181 59 59 2019-11-13 "Cuenta 5"
"318" "Centro 4" 169 32 179 46.5842856559902 131 55 232 37 138 39.4304596818984 11 62 267 3 233 152.457432216033 1 73 214 102 216 82.1034876164049 153 16 135 149 162 185.698892129585 186 85 196 110 209 171.379823284224 172 28 2019-11-14 "Cuenta 5"
"319" "Centro 16" 128 29 92 46.4200641494244 94 80 15 17 83 28.8721647579223 47 62 104 120 174 45.4015435650945 73 26 6 138 144 76.7391841392964 182 70 66 92 140 131.073761312291 128 80 177 61 138 30.2019936963916 47 20 2019-11-15 "Cuenta 3"
"320" "Centro 19" 285 108 37 90.732874115929 129 28 234 114 60 34.6198961138725 148 86 241 84 183 152.028795843944 159 89 254 49 227 198.920132452622 200 19 282 134 210 165.610121004283 12 71 39 123 27 193.40784936212 165 44 2019-11-16 "Cuenta 1"
"321" "Centro 13" 30 90 41 31.732377782464 3 20 24 82 94 94.5070454385132 136 96 166 42 188 41.9653450138867 109 64 98 129 224 121.700289193541 88 96 96 5 233 113.527679909021 151 83 171 63 211 2.72667515091598 153 39 2019-11-17 "Cuenta 4"
"322" "Centro 20" 105 142 60 121.828325465322 145 40 58 89 21 176.649943320081 150 57 93 112 247 109.371203929186 186 28 170 9 88 152.295785304159 181 61 100 67 82 158.599439030513 106 1 258 28 167 118.90563108027 100 48 2019-11-18 "Cuenta 5"
"323" "Centro 10" 234 67 168 45.2672849409282 139 32 14 40 120 108.553012274206 3 81 258 42 210 32.7026365790516 74 28 72 13 223 154.714214429259 115 22 201 31 237 120.166556397453 72 17 239 104 6 165.54716322571 114 67 2019-11-19 "Cuenta 2"
"324" "Centro 6" 65 56 145 150.250047584996 186 14 89 132 116 126.813523611054 5 50 150 91 176 55.4876357316971 89 91 234 110 196 196.792328217998 71 16 199 28 194 129.958104155958 160 32 152 83 236 173.736311588436 186 8 2019-11-20 "Cuenta 4"
"325" "Centro 9" 172 74 55 162.846230715513 78 7 92 92 214 199.560748739168 108 18 103 112 67 117.39243180491 32 99 4 126 10 29.3242835905403 23 93 259 29 177 15.9076855983585 22 5 10 67 60 102.843470359221 135 39 2019-11-21 "Cuenta 3"
"326" "Centro 6" 296 12 207 96.8778959009796 158 42 82 35 67 174.202430667356 89 52 254 14 184 88.5496265254915 200 91 59 105 143 146.320231817663 147 49 152 140 180 49.6536471880972 135 66 40 90 157 77.5375495199114 94 10 2019-11-22 "Cuenta 1"
"327" "Centro 20" 267 66 197 25.5723682232201 143 23 295 38 114 87.4568513594568 183 55 163 100 4 51.2986580841243 42 98 48 111 138 34.5390016213059 62 28 219 22 212 189.790436765179 163 71 256 93 151 72.8063592221588 157 13 2019-11-23 "Cuenta 5"
"328" "Centro 11" 180 32 138 172.012503677979 5 44 96 117 241 45.3810424078256 137 74 2 147 122 83.5143497679383 174 60 55 4 94 83.2744696643203 187 26 280 9 20 182.502831472084 72 84 138 81 244 9.69913569279015 3 53 2019-11-24 "Cuenta 2"
"329" "Centro 8" 142 89 84 57.2381512727588 28 67 60 129 77 199.113616393879 1 1 268 120 61 143.04688773118 64 12 89 140 62 69.8918350040913 19 2 246 37 179 2.21203197725117 64 15 290 146 171 124.696073122323 174 61 2019-11-25 "Cuenta 3"
"330" "Centro 19" 286 84 184 127.498290268704 120 52 35 17 168 106.625393498689 32 4 160 11 2 110.683583561331 61 64 236 136 217 123.029452236369 37 47 299 82 187 154.257637448609 176 13 28 37 145 158.544054068625 34 44 2019-11-26 "Cuenta 3"
"331" "Centro 1" 152 18 12 108.21698284708 51 61 205 34 160 69.6470669005066 36 25 49 99 195 2.72002033889294 107 11 162 117 16 32.0038836915046 159 13 142 116 165 113.57882716693 182 51 35 144 128 183.004739740863 47 35 2019-11-27 "Cuenta 1"
"332" "Centro 8" 130 90 154 195.855444297194 57 3 181 150 187 150.294640380889 22 11 12 129 60 96.0409382823855 149 3 226 121 238 98.9869745913893 146 5 179 38 40 111.098702019081 87 3 205 78 200 47.5556170102209 79 77 2019-11-28 "Cuenta 1"
"333" "Centro 6" 174 28 12 174.851007200778 116 3 93 30 77 3.28411338850856 128 79 194 71 215 115.283905249089 193 9 207 136 20 111.588869383559 52 12 247 44 104 157.197641627863 27 30 75 54 128 196.525739738718 66 6 2019-11-29 "Cuenta 4"
"334" "Centro 7" 219 19 172 61.316795181483 61 30 34 28 182 26.126858824864 21 97 137 133 132 124.304872564971 127 50 248 6 243 27.0035662222654 78 41 131 68 131 0.726103829219937 169 27 232 103 95 103.32021121867 71 16 2019-11-30 "Cuenta 5"
"335" "Centro 9" 230 44 53 66.2205381784588 52 29 188 15 185 7.66658023931086 74 16 53 122 225 50.0916370656341 27 58 119 126 173 45.8135575056076 32 10 244 26 230 133.803699631244 16 45 266 117 58 121.87944217585 155 92 2019-12-01 "Cuenta 2"
"336" "Centro 2" 255 25 59 46.3922556955367 147 55 92 67 145 104.69099227339 73 71 124 139 178 157.445522677153 16 57 152 43 122 36.6564596537501 108 87 64 13 94 130.143656535074 163 15 44 42 20 2.85965702496469 147 67 2019-12-02 "Cuenta 1"
"337" "Centro 4" 50 23 237 112.250928627327 150 69 250 27 94 120.719715068117 102 74 251 92 77 25.555034307763 55 44 171 4 49 117.341986810789 28 83 124 120 135 171.112367836758 24 95 229 105 118 4.06916113570333 32 81 2019-12-03 "Cuenta 2"
"338" "Centro 20" 294 35 86 175.748509261757 195 64 34 6 218 57.3076254222542 15 23 71 21 202 65.8223011065274 95 42 34 18 122 96.3076999410987 141 91 62 124 46 74.3500771466643 103 9 215 116 185 33.3491287194192 167 20 2019-12-04 "Cuenta 5"
"339" "Centro 6" 127 46 228 101.354449801147 22 13 84 141 212 25.7644678466022 19 1 97 17 106 154.006572347134 62 51 16 49 220 54.6547081787139 8 26 125 48 142 122.029119357467 100 48 10 96 235 50.0361402053386 169 62 2019-12-05 "Cuenta 2"
"340" "Centro 15" 237 87 219 196.584131987765 73 68 43 35 31 182.339521963149 128 65 46 149 247 134.142106538638 110 91 160 72 174 187.564029730856 182 82 26 59 181 33.230937551707 33 85 187 85 41 63.1854807958007 99 70 2019-12-06 "Cuenta 5"
"341" "Centro 14" 75 4 211 113.193982606754 31 10 213 61 21 30.4512028582394 42 54 234 22 169 164.187659742311 175 76 53 1 115 160.469529498369 137 70 215 97 248 180.421570595354 47 58 232 36 174 168.098558904603 169 54 2019-12-07 "Cuenta 3"
"342" "Centro 5" 165 13 230 16.5079526137561 2 79 204 16 60 145.893688313663 114 17 77 67 201 180.936971167102 169 82 257 26 145 100.052923243493 109 48 33 117 134 111.931504448876 99 61 39 3 206 126.685175253078 123 55 2019-12-08 "Cuenta 2"
"343" "Centro 7" 240 42 207 181.432793103158 74 39 286 127 108 18.9030042849481 90 77 119 149 33 159.465640969574 96 50 264 12 23 12.4835225753486 37 38 298 73 32 71.1304484400898 166 96 87 50 53 39.3986403942108 146 30 2019-12-09 "Cuenta 1"
"344" "Centro 15" 127 82 247 103.551875939593 145 87 119 86 27 188.849005615339 14 12 100 126 227 132.865581614897 94 30 117 40 213 86.9170305784792 30 36 251 17 85 184.167704638094 42 7 294 16 208 186.87831913121 163 86 2019-12-10 "Cuenta 1"
"345" "Centro 20" 253 19 31 105.326100578532 105 80 59 53 93 142.429085215554 5 50 258 55 28 136.994015052915 123 11 16 83 118 17.2402088530362 156 85 197 2 121 68.990355078131 45 32 104 82 105 160.496806260198 148 23 2019-12-11 "Cuenta 5"
"346" "Centro 19" 128 95 8 194.515883224085 76 22 141 8 117 83.8516275398433 142 43 126 24 75 111.344265704975 67 97 237 54 24 28.8981987629086 5 78 18 102 15 23.6369865015149 19 43 37 145 245 71.3758791796863 22 56 2019-12-12 "Cuenta 1"
"347" "Centro 19" 25 69 157 49.59970228374 179 4 270 59 117 48.0728778522462 100 46 174 140 240 156.147925183177 67 4 239 117 161 86.4667736925185 185 52 261 26 212 11.384481517598 168 73 121 53 24 19.176864810288 25 57 2019-12-13 "Cuenta 3"
"348" "Centro 14" 73 121 152 140.655710082501 38 20 237 114 93 111.193203926086 4 11 41 121 77 41.9239043723792 49 35 273 76 39 74.6208107564598 159 20 290 30 102 2.25052894093096 55 46 101 75 206 43.1047956924886 28 58 2019-12-14 "Cuenta 3"
"349" "Centro 5" 142 126 237 157.661283016205 95 10 157 131 175 43.6605304479599 85 73 178 45 96 141.517643211409 173 75 255 82 233 76.8376166932285 89 82 152 23 38 99.5994846802205 31 40 53 101 55 96.1475359741598 19 10 2019-12-15 "Cuenta 5"
"350" "Centro 4" 165 129 205 129.703318234533 173 65 79 31 10 108.724149502814 54 29 223 63 112 22.6428178139031 14 81 158 99 26 184.161230688915 29 51 299 143 150 80.0473338458687 11 97 77 76 124 2.42028520442545 54 80 2019-12-16 "Cuenta 1"
"351" "Centro 3" 63 99 113 36.6099040489644 74 35 207 62 220 33.6634573061019 145 34 27 60 26 163.79902753979 80 38 58 5 36 17.2437376342714 29 96 161 18 233 117.076623346657 93 22 215 133 67 86.7127128411084 99 48 2019-12-17 "Cuenta 4"
"352" "Centro 20" 44 92 118 10.4281317442656 186 95 206 36 222 27.2538658231497 113 79 63 118 109 56.3538623508066 163 88 213 41 68 97.3919508047402 63 7 257 35 166 188.69473519735 113 35 58 6 54 129.886257369071 8 27 2019-12-18 "Cuenta 4"
"353" "Centro 11" 165 58 66 113.516333838925 13 6 225 56 37 74.6270133648068 38 44 181 31 12 139.640752086416 136 22 281 115 187 56.3921320717782 46 76 34 105 109 25.8650017436594 80 26 102 112 71 76.4339594636112 14 67 2019-12-19 "Cuenta 3"
"354" "Centro 15" 24 8 4 161.049349419773 107 4 13 115 78 155.364746879786 164 3 231 12 202 100.991132110357 28 28 81 129 100 183.781246189028 194 46 169 69 156 34.4252548646182 55 67 244 3 195 164.861927321181 157 7 2019-12-20 "Cuenta 3"
"355" "Centro 9" 179 33 189 92.0431916136295 52 89 13 142 190 146.064692316577 131 38 240 13 57 4.22641225159168 138 76 263 44 130 6.36897422373295 37 94 64 113 42 72.6542685180902 34 7 97 113 55 143.345893640071 112 21 2019-12-21 "Cuenta 2"
"356" "Centro 2" 258 3 219 193.539632996544 106 75 256 74 204 7.83469211310148 101 97 94 137 120 58.7419501040131 64 76 20 101 89 173.223019810393 65 17 37 93 171 95.1395678799599 162 66 214 2 129 93.3276860043406 199 92 2019-12-22 "Cuenta 1"
"357" "Centro 5" 233 44 100 4.66425777412951 126 52 282 30 145 31.8897696211934 79 100 101 42 107 142.872997513041 121 3 271 83 74 145.20965795964 194 95 91 42 24 21.5587992221117 56 66 1 21 193 50.104448152706 190 40 2019-12-23 "Cuenta 2"
"358" "Centro 19" 232 85 83 118.922396562994 96 17 25 133 15 104.401794588193 68 52 133 145 211 98.0139139574021 104 16 226 150 189 177.208588412032 80 66 161 82 49 3.76767474226654 69 4 160 147 174 40.501551469788 192 42 2019-12-24 "Cuenta 3"
"359" "Centro 19" 242 21 26 23.2116544619203 93 71 7 109 162 3.19150718860328 34 32 89 55 120 137.867094576359 147 79 267 49 220 190.857482841238 130 90 223 82 90 15.0249631609768 135 100 265 58 232 41.3054386153817 183 38 2019-12-25 "Cuenta 1"
"360" "Centro 3" 150 96 37 66.4313944522291 1 31 240 122 149 47.290814993903 140 59 3 27 83 93.9466550014913 195 18 72 137 98 48.7143439706415 19 89 228 84 100 185.760698514059 96 78 32 16 75 34.0271384920925 76 21 2019-12-26 "Cuenta 1"
"361" "Centro 1" 178 84 181 1.79063286632299 136 54 222 82 78 75.8179335854948 121 54 148 36 163 186.01212175563 198 84 192 42 61 122.61115196161 138 22 13 135 215 51.1455519124866 127 91 271 68 243 80.9374100528657 165 19 2019-12-27 "Cuenta 2"
"362" "Centro 12" 200 150 165 128.33764529787 127 25 262 33 150 39.0158862341195 59 65 48 38 28 20.0565394479781 108 48 89 37 239 166.56103124842 171 35 80 134 187 190.001727174968 132 89 99 120 245 128.791738301516 124 9 2019-12-28 "Cuenta 5"
"363" "Centro 17" 294 114 196 190.759265329689 166 62 49 43 127 85.9402107074857 130 19 103 14 168 0.801016995683312 75 69 108 8 45 81.3148947898299 150 39 269 122 60 144.922769907862 164 19 75 141 222 37.0805997867137 17 82 2019-12-29 "Cuenta 3"
"364" "Centro 4" 95 55 117 89.5239455159754 34 76 76 133 116 113.149681780487 191 20 261 101 19 103.926564240828 168 26 212 126 37 198.764307610691 148 76 139 28 133 23.2283042743802 145 27 14 148 84 123.767190566286 134 92 2019-12-30 "Cuenta 2"
"365" "Centro 6" 239 100 219 110.417218971997 97 17 158 7 150 29.5487518422306 136 66 39 97 246 123.861715150997 60 60 131 18 211 66.706552170217 17 60 296 117 103 138.434766884893 39 91 36 128 30 184.184499224648 9 97 2019-12-31 "Cuenta 2"
